    0.0       78.034       61.406     2.1547     2.7841 1.18e-07 5.23e-09  124.77  105.30  100.86  269.99     3.6
    1.1       79.114       63.948     2.2157     2.8779 1.18e-07 5.24e-09  124.76  105.30  100.85  270.00     3.6
    2.1       80.151       62.104     2.2316     2.9717 1.19e-07 5.31e-09  124.76  105.30  100.85  270.01     3.6
    3.2       81.217       59.528     2.2185     2.8466 1.18e-07 5.24e-09  124.76  105.30  100.85  270.01     3.6
    4.2       82.276       61.677     2.1819     2.9092 1.18e-07 5.30e-09  124.76  105.30  100.85  270.00     3.6
    5.3       83.342       62.227     2.1650     2.9405 1.19e-07 5.34e-09  124.76  105.31  100.85  269.99     3.6
    6.4       84.420       62.218     2.0843     2.9092 1.19e-07 5.27e-09  124.76  105.31  100.85  269.99     3.6
    7.4       85.474       63.415     2.1978     2.8153 1.18e-07 5.22e-09  124.75  105.31  100.85  269.99     3.6
    8.5       86.519       62.051     2.1950     2.9405 1.18e-07 5.28e-09  124.75  105.31  100.85  270.00     3.6
    9.5       87.558       60.597     2.2016     2.9405 1.19e-07 5.30e-09  124.75  105.31  100.86  270.01     3.6
   10.6       88.611       59.116     2.1931     2.9092 1.19e-07 5.32e-09  124.76  105.31  100.85  270.00     3.6
   11.6       89.646       63.002     2.2175     2.9092 1.19e-07 5.28e-09  124.75  105.30  100.85  269.99     3.6
   12.6       90.681       60.014     2.2100     2.9092 1.18e-07 5.33e-09  124.75  105.30  100.85  269.99     3.6
   13.7       91.740       59.698     2.2260     2.8153 1.18e-07 5.28e-09  124.75  105.30  100.85  269.99     3.6
   14.7       92.775       60.267     2.1931     2.6589 1.19e-07 5.26e-09  124.75  105.30  100.86  270.00     3.6
   15.8       93.823       62.515     2.1866     2.9717 1.19e-07 5.27e-09  124.75  105.30  100.86  270.02     3.6
   16.8       94.856       62.395     2.1931     2.9717 1.19e-07 5.34e-09  124.75  105.31  100.85  270.01     3.6
   17.9       95.887       62.212     2.2260     2.9717 1.19e-07 5.35e-09  124.76  105.30  100.85  270.00     3.6
   18.9       96.947       60.970     2.2166     2.8153 1.19e-07 5.28e-09  124.76  105.31  100.85  269.99     3.6
   19.9       97.979       61.418     2.2251     3.0030 1.18e-07 5.25e-09  124.76  105.30  100.85  269.99     3.6
   21.0       99.040       61.136     2.2204     3.0030 1.19e-07 5.27e-09  124.76  105.31  100.85  269.99     3.6
   22.0      100.072       60.242     2.2025     2.8779 1.19e-07 5.34e-09  124.76  105.30  100.85  270.00     3.6
   23.1      101.121       62.457     2.2119     2.9092 1.18e-07 5.33e-09  124.76  105.31  100.85  270.02     3.6
   24.1      102.165       64.521     2.2316     2.9717 1.19e-07 5.30e-09  124.76  105.30  100.85  270.01     3.6
   25.2      103.228       61.896     2.2213     2.8779 1.18e-07 5.36e-09  124.76  105.31  100.85  270.00     3.2
   26.3      104.304       61.876     2.1509     2.9405 1.19e-07 5.29e-09  124.76  105.31  100.85  270.01     3.2
   27.3      105.362       61.657     2.1378     2.8153 1.19e-07 5.27e-09  124.76  105.31  100.85  269.99     3.2
   28.4      106.435       61.321     2.1838     2.9405 1.19e-07 5.28e-09  124.76  105.30  100.85  269.99     3.2
   29.4      107.475       62.231     2.1350     2.9092 1.18e-07 5.36e-09  124.76  105.30  100.85  269.99     3.2
   30.5      108.525       60.573     2.2523     2.9405 1.19e-07 5.37e-09  124.75  105.31  100.85  270.01     3.2
   31.5      109.561       62.514     2.1406     2.8779 1.19e-07 5.29e-09  124.75  105.31  100.85  270.01     3.2
   32.6      110.612       60.567     2.2053     2.9092 1.19e-07 5.27e-09  124.76  105.30  100.86  270.00     3.2
   33.6      111.645       60.176     2.2053     2.9405 1.19e-07 5.31e-09  124.75  105.31  100.85  269.99     3.2
   34.6      112.683       61.454     2.1594     2.9092 1.19e-07 5.28e-09  124.75  105.31  100.85  269.99     3.2
   35.7      113.736       61.966     2.1763     2.6902 1.19e-07 5.30e-09  124.75  105.30  100.85  270.00     3.6
   36.8      114.808       62.212     2.2241     2.9092 1.18e-07 5.36e-09  124.75  105.31  100.86  270.01     3.6
   37.8      115.843       61.320     2.1650     2.8779 1.18e-07 5.40e-09  124.75  105.30  100.85  270.00     3.6
   38.8      116.874       62.912     2.2166     2.9092 1.19e-07 5.34e-09  124.75  105.31  100.86  270.00     3.6
   39.9      117.927       61.550     2.1462     2.6902 1.19e-07 5.29e-09  124.75  105.31  100.85  269.99     3.6
   40.9      118.963       61.607     2.2110     2.9092 1.19e-07 5.32e-09  124.76  105.30  100.85  269.99     3.6
   42.0      120.023       62.171     2.1903     2.6589 1.19e-07 5.37e-09  124.76  105.30  100.85  269.99     3.6
   43.0      121.060       62.564     2.2222     2.8779 1.19e-07 5.39e-09  124.76  105.31  100.85  270.00     3.6
   44.1      122.113       61.407     2.1612     2.9405 1.19e-07 5.32e-09  124.76  105.30  100.85  270.01     3.6
   45.1      123.146       61.844     2.1162     2.9092 1.19e-07 5.29e-09  124.76  105.31  100.85  270.00     3.6
   46.1      124.179       60.609     2.2082     2.8779 1.19e-07 5.33e-09  124.76  105.30  100.85  269.99     3.6
   47.2      125.249       63.060     2.1641     2.5025 1.19e-07 5.30e-09  124.76  105.30  100.86  269.99     3.6
   48.3      126.328       62.393     2.2082     2.8153 1.19e-07 5.32e-09  124.76  105.30  100.85  270.00     3.6
   49.3      127.381       61.469     2.1040     2.8779 1.19e-07 5.37e-09  124.75  105.30  100.85  270.00     3.6
   50.4      128.460       60.600     2.1960     2.7841 1.19e-07 5.39e-09  124.76  105.30  100.85  270.00     3.6
   51.5      129.506       61.325     2.1950     2.9405 1.19e-07 5.33e-09  124.76  105.30  100.85  270.00     3.6
   52.5      130.540       62.001     2.1594     2.9405 1.19e-07 5.31e-09  124.76  105.31  100.85  269.99     3.6
   53.5      131.571       60.036     2.2363     2.6589 1.19e-07 5.33e-09  124.76  105.30  100.85  269.99     3.6
   54.6      132.631       60.838     2.2157     2.7841 1.19e-07 5.39e-09  124.76  105.30  100.85  270.00     3.6
   55.6      133.667       62.715     2.2110     2.9092 1.19e-07 5.41e-09  124.75  105.31  100.85  270.00     3.6
   56.7      134.721       60.925     2.2016     2.9092 1.19e-07 5.39e-09  124.75  105.31  100.85  270.00     3.6
   57.7      135.761       62.326     2.1246     2.7528 1.19e-07 5.41e-09  124.75  105.31  100.86  269.99     3.6
   58.8      136.818       60.740     2.1941     2.9092 1.19e-07 5.36e-09  124.75  105.31  100.85  270.00     3.6
   59.8      137.856       61.221     2.2082     3.0343 1.19e-07 5.32e-09  124.76  105.31  100.85  269.99     3.6
    0.0      302.385       66.148     2.7571     4.2543 1.06e-07 6.34e-09  118.52  105.37  105.06  270.00     2.0
    1.1      303.461       67.023     2.7403     4.2856 1.06e-07 6.41e-09  118.52  105.37  105.06  270.00     2.0
    2.2      304.537       61.215     2.7769     4.3168 1.07e-07 6.36e-09  118.50  105.36  105.07  269.99     2.0
    3.2      305.608       67.373     2.7590     4.3168 1.06e-07 6.37e-09  118.52  105.36  105.06  270.00     2.0
    4.3      306.661       62.573     2.8003     4.3481 1.06e-07 6.26e-09  118.51  105.36  105.06  269.99     2.0
    5.3      307.713       66.039     2.7609     4.3481 1.06e-07 6.26e-09  118.52  105.36  105.06  270.00     2.0
    6.4      308.745       66.291     2.7356     4.3481 1.06e-07 6.26e-09  118.52  105.36  105.06  270.00     2.0
    7.4      309.778       64.992     2.7506     4.3168 1.06e-07 6.30e-09  118.52  105.36  105.06  270.01     2.0
    8.4      310.831       65.456     2.7553     4.3481 1.06e-07 6.37e-09  118.52  105.36  105.07  270.00     2.0
    9.5      311.869       64.554     2.7684     4.3168 1.06e-07 6.33e-09  118.52  105.37  105.06  270.00     2.0
   10.5      312.918       64.476     2.7703     4.3794 1.06e-07 6.26e-09  118.52  105.37  105.06  269.99     2.0
   11.6      313.966       65.234     2.7365     4.3794 1.06e-07 6.25e-09  118.52  105.37  105.07  269.99     1.6
   12.6      315.025       65.364     2.7722     4.3481 1.07e-07 6.30e-09  118.52  105.37  105.06  269.99     1.6
   13.7      316.064       65.343     2.7731     4.3168 1.06e-07 6.35e-09  118.53  105.37  105.06  270.01     1.6
   14.7      317.119       65.476     2.7374     4.2856 1.06e-07 6.32e-09  118.53  105.37  105.06  270.00     1.6
   15.8      318.153       63.696     2.7665     4.3794 1.06e-07 6.26e-09  118.53  105.37  105.06  270.00     1.6
   16.8      319.190       65.581     2.7487     4.2856 1.06e-07 6.33e-09  118.53  105.36  105.06  270.00     1.6
   17.9      320.245       66.341     2.7281     4.3794 1.06e-07 6.25e-09  118.54  105.37  105.06  270.00     1.6
   18.9      321.281       66.450     2.7346     4.2856 1.06e-07 6.25e-09  118.54  105.37  105.06  270.00     1.6
   19.9      322.330       64.459     2.7571     4.2856 1.06e-07 6.31e-09  118.54  105.36  105.06  269.99     1.6
   21.0      323.379       64.203     2.7675     4.2543 1.06e-07 6.35e-09  118.54  105.37  105.06  269.99     1.6
   22.1      324.446       65.398     2.7787     4.3168 1.06e-07 6.31e-09  118.55  105.36  105.07  270.01     1.6
   23.1      325.519       62.885     2.7496     4.2856 1.06e-07 6.24e-09  118.55  105.37  105.06  270.00     1.6
   24.2      326.573       64.880     2.7609     4.3168 1.06e-07 6.24e-09  118.53  105.36  105.06  270.00     1.6
   25.3      327.651       64.350     2.7628     4.3168 1.06e-07 6.28e-09  118.55  105.36  105.06  270.00     1.6
   26.3      328.709       66.322     2.7675     4.2856 1.06e-07 6.24e-09  118.54  105.36  105.06  269.99     1.6
   27.4      329.743       65.970     2.7149     4.3168 1.06e-07 6.29e-09  118.55  105.37  105.06  269.99     1.6
   28.4      330.774       64.556     2.7525     4.3168 1.06e-07 6.33e-09  118.54  105.37  105.06  269.99     1.6
   29.4      331.829       62.949     2.7759     4.3481 1.06e-07 6.32e-09  118.54  105.37  105.06  270.01     1.6
   30.5      332.867       63.945     2.7543     4.2856 1.06e-07 6.22e-09  118.53  105.37  105.06  270.00     1.6
   31.5      333.922       66.477     2.7891     4.3481 1.06e-07 6.24e-09  118.54  105.37  105.06  270.00     2.0
   32.6      334.961       66.012     2.7393     4.3794 1.06e-07 6.26e-09  118.54  105.37  105.06  269.99     2.0
   33.6      336.027       65.854     2.7731     4.2856 1.06e-07 6.32e-09  118.53  105.37  105.06  270.00     2.0
   34.7      337.065       64.385     2.7374     4.3168 1.06e-07 6.29e-09  118.53  105.37  105.06  270.00     2.0
   35.7      338.118       65.543     2.7731     4.3168 1.07e-07 6.21e-09  118.53  105.36  105.06  270.00     2.0
   36.8      339.152       64.842     2.7478     4.3168 1.06e-07 6.21e-09  118.54  105.36  105.07  270.00     2.0
   37.8      340.182       63.576     2.7562     4.3168 1.06e-07 6.21e-09  118.53  105.36  105.06  270.00     2.0
   38.9      341.241       67.209     2.7459     4.2856 1.06e-07 6.19e-09  118.53  105.36  105.06  269.99     2.0
   39.9      342.272       62.973     2.7393     4.2543 1.06e-07 6.26e-09  118.53  105.36  105.07  269.99     2.0
   40.9      343.318       65.775     2.7553     4.3168 1.06e-07 6.31e-09  118.53  105.36  105.07  269.99     2.0
   42.0      344.356       64.948     2.7384     4.2856 1.06e-07 6.28e-09  118.54  105.37  105.06  270.00     2.0
   43.0      345.386       66.336     2.7618     4.3168 1.06e-07 6.21e-09  118.54  105.37  105.06  270.00     2.0
   44.1      346.438       64.956     2.7525     4.2856 1.06e-07 6.19e-09  118.54  105.37  105.07  270.00     2.0
   45.1      347.511       63.599     2.7431     4.2230 1.06e-07 6.23e-09  118.54  105.37  105.07  270.00     2.0
   46.2      348.578       66.059     2.7421     4.3481 1.06e-07 6.30e-09  118.54  105.37  105.07  269.99     2.0
   47.3      349.651       66.590     2.7506     4.2543 1.06e-07 6.27e-09  118.54  105.37  105.06  269.99     2.0
   48.3      350.723       60.846     2.7750     4.2856 1.06e-07 6.31e-09  118.54  105.37  105.06  270.00     2.0
   49.4      351.762       64.605     2.7543     4.2856 1.06e-07 6.27e-09  118.54  105.37  105.06  270.01     2.0
   50.4      352.814       64.688     2.7356     4.2230 1.06e-07 6.20e-09  118.54  105.37  105.06  270.00     2.0
   51.5      353.857       64.518     2.7478     4.2856 1.06e-07 6.18e-09  118.54  105.37  105.06  269.99     2.0
   52.5      354.888       65.865     2.7478     4.2543 1.06e-07 6.21e-09  118.54  105.37  105.06  269.99     2.0
   53.5      355.934       65.215     2.7571     4.3481 1.06e-07 6.29e-09  118.54  105.37  105.06  270.00     2.0
   54.6      356.977       63.287     2.7468     4.2856 1.06e-07 6.25e-09  118.54  105.37  105.06  270.01     2.0
   55.6      358.031       65.667     2.7600     4.2543 1.06e-07 6.19e-09  118.53  105.36  105.06  270.00     2.0
   56.7      359.072       66.134     2.7684     4.2543 1.07e-07 6.17e-09  118.53  105.37  105.07  269.99     2.0
   57.7      360.124       64.837     2.7787     4.2230 1.06e-07 6.24e-09  118.53  105.36  105.06  270.00     2.0
   58.8      361.162       67.021     2.7468     4.2230 1.06e-07 6.27e-09  118.53  105.37  105.06  270.00     2.0
   59.8      362.219       66.919     2.7299     4.2856 1.06e-07 6.21e-09  118.53  105.37  105.06  270.00     2.0
    0.0      493.353      139.475     2.9420     3.9415 1.05e-07 6.25e-09  122.20  102.93   99.08  270.00     3.6
    1.0      494.383      136.516     2.9786     4.0353 1.06e-07 6.17e-09  122.19  102.93   99.08  269.99     3.6
    2.1      495.431      137.064     2.9702     4.0040 1.06e-07 6.13e-09  122.19  102.93   99.08  270.00     3.6
    3.1      496.467      130.492     2.9401     4.0353 1.06e-07 6.14e-09  122.19  102.93   99.09  270.00     3.6
    4.2      497.516      132.692     2.9580     4.0979 1.06e-07 6.21e-09  122.19  102.93   99.09  270.00     3.6
    5.2      498.550      132.124     2.9655     4.0353 1.05e-07 6.23e-09  122.18  102.93   99.09  270.00     3.6
    6.2      499.584      142.175     2.9730     4.2543 1.05e-07 6.20e-09  122.19  102.93   99.09  269.99     3.6
    7.3      500.661      129.681     2.9401     4.0040 1.05e-07 6.13e-09  122.19  102.93   99.09  269.99     3.6
    8.4      501.730      131.437     2.9298     4.1292 1.06e-07 6.20e-09  122.19  102.93   99.09  269.99     3.6
    9.4      502.780      133.649     2.9523     3.9415 1.06e-07 6.11e-09  122.20  102.93   99.09  270.00     3.6
   10.5      503.854      129.362     2.9552     3.8789 1.05e-07 6.11e-09  122.20  102.93   99.09  270.00     3.2
   11.5      504.889      129.300     2.9674     4.0040 1.05e-07 6.16e-09  122.19  102.93   99.09  269.99     3.2
   12.6      505.932      131.634     2.9392     3.8789 1.05e-07 6.22e-09  122.20  102.93   99.09  269.99     3.2
   13.6      506.967      131.377     2.9627     4.0979 1.06e-07 6.16e-09  122.20  102.93   99.09  269.99     3.2
   14.7      508.025      132.522     2.9477     3.9102 1.05e-07 6.10e-09  122.19  102.93   99.08  270.00     3.2
   15.7      509.061      135.486     2.9430     3.9727 1.05e-07 6.12e-09  122.19  102.93   99.08  270.00     3.2
   16.8      510.105      137.944     2.9664     4.0666 1.05e-07 6.15e-09  122.20  102.93   99.08  270.00     3.2
   17.8      511.146      134.845     2.9580     4.0979 1.05e-07 6.24e-09  122.20  102.93   99.09  269.99     3.2
   18.8      512.184      133.427     2.9580     3.9102 1.05e-07 6.15e-09  122.20  102.93   99.08  270.00     3.2
   19.9      513.245      129.036     2.9674     3.9727 1.05e-07 6.22e-09  122.20  102.93   99.09  270.00     3.2
   20.9      514.276      134.301     2.9514     3.6599 1.05e-07 6.16e-09  122.20  102.93   99.09  270.00     3.2
   22.0      515.332      132.131     2.9420     4.1292 1.05e-07 6.09e-09  122.20  102.93   99.09  270.00     3.2
   23.0      516.365      134.281     2.9345     3.9415 1.05e-07 6.12e-09  122.20  102.93   99.09  270.00     3.2
   24.1      517.418      134.239     2.9655     4.1292 1.06e-07 6.17e-09  122.19  102.93   99.08  269.99     3.2
   25.1      518.460      135.677     2.9542     3.9415 1.05e-07 6.22e-09  122.19  102.93   99.09  269.99     3.2
   26.2      519.506      135.040     2.9645     4.1604 1.06e-07 6.16e-09  122.19  102.93   99.08  269.99     3.2
   27.2      520.544      136.437     2.9899     3.9415 1.05e-07 6.09e-09  122.19  102.93   99.08  270.01     3.2
   28.2      521.577      129.850     2.9495     4.0353 1.05e-07 6.09e-09  122.20  102.93   99.09  270.00     3.2
   29.3      522.646      137.147     2.9514     3.8789 1.05e-07 6.16e-09  122.19  102.93   99.09  270.00     3.2
   30.4      523.715      134.405     2.9824     3.7225 1.05e-07 6.11e-09  122.19  102.93   99.09  269.99     3.2
   31.4      524.768      127.032     2.9533     3.5348 1.06e-07 6.14e-09  122.20  102.93   99.09  269.99     3.2
   32.5      525.837      135.738     2.9758     4.0666 1.06e-07 6.22e-09  122.20  102.93   99.08  270.00     3.2
   33.5      526.887      135.877     2.9477     3.9415 1.06e-07 6.14e-09  122.20  102.93   99.08  270.00     3.2
   34.6      527.933      136.511     2.9477     4.1292 1.05e-07 6.07e-09  122.20  102.92   99.08  270.01     3.2
   35.6      528.973      129.520     2.9589     4.0353 1.06e-07 6.09e-09  122.20  102.93   99.09  270.00     3.2
   36.7      530.024      134.877     2.9336     4.2230 1.06e-07 6.12e-09  122.20  102.93   99.08  269.99     3.2
   37.7      531.062      131.121     2.9420     3.7851 1.05e-07 6.20e-09  122.20  102.93   99.09  269.99     3.2
   38.8      532.109      136.135     2.9599     4.0353 1.06e-07 6.13e-09  122.20  102.93   99.09  269.99     3.2
   39.8      533.151      131.559     2.9655     3.8789 1.05e-07 6.08e-09  122.20  102.93   99.09  270.00     3.2
   40.8      534.184      135.138     2.9458     4.0353 1.05e-07 6.15e-09  122.19  102.93   99.08  270.00     3.6
   41.9      535.244      133.510     2.9721     3.8476 1.06e-07 6.09e-09  122.20  102.93   99.08  270.00     3.6
   42.9      536.276      132.223     2.9477     3.8789 1.05e-07 6.08e-09  122.20  102.93   99.08  270.00     3.6
   44.0      537.330      134.708     2.9523     3.7538 1.05e-07 6.15e-09  122.20  102.93   99.08  269.99     3.6
   45.0      538.369      137.092     2.9861     4.1604 1.06e-07 6.19e-09  122.20  102.93   99.08  270.00     3.6
   46.1      539.424      133.980     2.9336     3.8789 1.06e-07 6.13e-09  122.19  102.93   99.09  270.00     3.6
   47.1      540.465      133.274     2.9721     4.2230 1.05e-07 6.07e-09  122.20  102.93   99.08  270.00     3.6
   48.2      541.516      134.179     2.9645     4.1604 1.05e-07 6.06e-09  122.19  102.93   99.09  270.00     3.6
   49.2      542.553      133.866     2.9533     3.8163 1.05e-07 6.13e-09  122.19  102.92   99.09  270.00     3.6
   50.2      543.584      131.543     2.9458     3.8163 1.05e-07 6.18e-09  122.19  102.93   99.09  270.00     3.6
   51.3      544.645      130.967     2.9580     4.0353 1.05e-07 6.14e-09  122.19  102.93   99.09  270.00     3.6
   52.4      545.725      131.974     2.9655     4.0979 1.05e-07 6.18e-09  122.19  102.93   99.09  269.99     3.6
   53.4      546.785      134.045     2.9664     3.9102 1.06e-07 6.14e-09  122.20  102.93   99.09  269.99     3.6
   54.5      547.861      133.469     2.9664     4.0666 1.05e-07 6.09e-09  122.20  102.93   99.09  270.00     3.6
   55.6      548.913      133.400     2.9711     3.9727 1.06e-07 6.08e-09  122.20  102.93   99.08  269.99     3.6
   56.6      549.950      139.505     2.9458     4.0666 1.05e-07 6.12e-09  122.20  102.92   99.08  270.00     3.6
   57.6      550.985      133.828     2.9824     3.9102 1.06e-07 6.18e-09  122.20  102.92   99.09  270.00     3.6
   58.7      552.046      134.429     2.9580     4.0040 1.05e-07 6.13e-09  122.20  102.92   99.08  270.01     3.6
   59.7      553.077      134.128     2.9580     4.0979 1.06e-07 6.05e-09  122.20  102.92   99.09  270.00     3.6
    0.0      686.924       81.362     2.8857     3.9727 1.04e-07 6.06e-09  119.22  100.26  102.32  269.99     2.0
    1.0      687.960       83.194     2.8989     4.0040 1.03e-07 5.98e-09  119.22  100.26  102.32  269.99     2.0
    2.1      689.016       80.283     2.8904     3.9727 1.03e-07 5.95e-09  119.22  100.26  102.32  269.99     2.0
    3.1      690.050       83.708     2.8867     4.0040 1.03e-07 6.01e-09  119.22  100.26  102.32  270.00     2.0
    4.2      691.087       81.855     2.8904     3.9727 1.04e-07 6.08e-09  119.22  100.25  102.32  270.00     2.0
    5.2      692.141       82.477     2.8960     4.0040 1.04e-07 6.06e-09  119.22  100.25  102.32  270.00     2.0
    6.2      693.171       86.305     2.8763     4.0353 1.04e-07 6.08e-09  119.22  100.24  102.32  270.01     2.0
    7.3      694.235       84.854     2.8801     4.0353 1.04e-07 6.05e-09  119.22  100.24  102.32  269.99     2.0
    8.3      695.271       78.805     2.9157     4.0040 1.04e-07 5.98e-09  119.22  100.24  102.32  269.99     2.0
    9.4      696.329       79.913     2.8942     4.0040 1.04e-07 5.96e-09  119.22  100.24  102.32  269.99     2.0
   10.4      697.365       82.229     2.8801     4.0040 1.03e-07 6.00e-09  119.20  100.24  102.32  269.99     2.0
   11.5      698.422       85.453     2.9007     4.0353 1.03e-07 6.08e-09  119.21  100.24  102.32  270.00     2.0
   12.5      699.460       82.844     2.8716     4.0666 1.04e-07 6.05e-09  119.21  100.24  102.32  270.01     2.0
   13.6      700.508       80.707     2.8763     4.0040 1.04e-07 5.98e-09  119.21  100.24  102.32  270.02     2.0
   14.6      701.549       84.658     2.8998     4.0040 1.04e-07 5.96e-09  119.20  100.24  102.32  269.99     2.0
   15.7      702.625       84.752     2.8763     4.0040 1.04e-07 6.00e-09  119.20  100.25  102.32  269.99     2.0
   16.8      703.678       84.470     2.8754     4.0353 1.04e-07 5.96e-09  119.20  100.25  102.32  269.99     2.0
   17.8      704.760       82.546     2.8763     4.0040 1.04e-07 6.01e-09  119.20  100.24  102.32  269.99     2.0
   18.9      705.825       82.714     2.8913     4.0040 1.04e-07 6.07e-09  119.20  100.25  102.32  269.99     2.0
   19.9      706.857       83.261     2.8923     3.9415 1.04e-07 6.05e-09  119.20  100.25  102.31  270.00     2.0
   21.0      707.888       85.511     2.8754     4.0353 1.04e-07 5.98e-09  119.20  100.24  102.32  270.01     2.0
   22.0      708.936       85.075     2.8538     4.0353 1.04e-07 5.94e-09  119.20  100.24  102.32  270.01     2.0
   23.1      709.974       81.550     2.8895     4.0040 1.04e-07 5.99e-09  119.21  100.24  102.32  270.00     2.0
   24.1      711.036       83.648     2.8904     4.0353 1.04e-07 6.05e-09  119.21  100.24  102.32  269.99     2.0
   25.1      712.069       85.890     2.8688     4.0040 1.04e-07 6.03e-09  119.21  100.24  102.32  269.99     2.0
   26.2      713.127       84.464     2.8735     4.0040 1.04e-07 5.97e-09  119.21  100.24  102.32  270.00     2.0
   27.2      714.166       85.837     2.8951     4.0040 1.03e-07 5.94e-09  119.22  100.24  102.32  270.01     2.0
   28.3      715.226       80.078     2.9064     4.0040 1.04e-07 5.96e-09  119.21  100.24  102.32  270.01     2.0
   29.3      716.259       85.056     2.8857     4.0040 1.04e-07 5.93e-09  119.21  100.24  102.32  270.00     2.0
   30.4      717.290       81.314     2.8923     3.9415 1.04e-07 6.00e-09  119.21  100.24  102.32  269.99     2.0
   31.4      718.337       83.955     2.8763     3.9727 1.03e-07 6.05e-09  119.22  100.24  102.32  269.99     2.0
   32.5      719.376       84.614     2.8979     3.9727 1.03e-07 6.04e-09  119.22  100.25  102.32  270.00     2.0
   33.5      720.428       81.727     2.9017     3.9727 1.04e-07 5.97e-09  119.21  100.25  102.32  270.01     2.0
   34.5      721.466       80.032     2.8782     4.0040 1.04e-07 5.92e-09  119.21  100.25  102.32  270.01     2.0
   35.6      722.511       84.371     2.9007     3.9727 1.04e-07 5.99e-09  119.21  100.25  102.31  270.01     2.0
   36.6      723.543       81.842     2.8820     3.9415 1.04e-07 6.05e-09  119.20  100.25  102.31  270.00     1.6
   37.7      724.588       81.421     2.8791     4.0040 1.04e-07 6.02e-09  119.20  100.24  102.32  269.99     1.6
   38.7      725.656       80.035     2.8932     4.0040 1.04e-07 5.95e-09  119.20  100.24  102.32  269.99     1.6
   39.8      726.731       83.561     2.8876     4.0040 1.03e-07 6.03e-09  119.20  100.24  102.32  270.00     1.6
   40.9      727.791       82.542     2.8773     4.0353 1.04e-07 5.96e-09  119.20  100.24  102.32  270.00     1.6
   41.9      728.852       82.733     2.8810     4.0040 1.04e-07 5.94e-09  119.21  100.24  102.32  270.01     1.6
   43.0      729.888       81.053     2.8791     3.9415 1.04e-07 5.98e-09  119.20  100.24  102.32  270.01     1.6
   44.0      730.934       81.415     2.8510     3.9727 1.04e-07 6.07e-09  119.20  100.24  102.32  269.99     1.6
   45.0      731.968       84.805     2.8745     4.0040 1.04e-07 6.04e-09  119.20  100.24  102.32  269.99     1.6
   46.1      733.025       81.992     2.8923     3.9727 1.03e-07 5.98e-09  119.20  100.24  102.32  270.00     1.6
   47.1      734.058       83.854     2.8904     4.0040 1.03e-07 5.92e-09  119.21  100.24  102.32  270.00     1.6
   48.2      735.112       85.685     2.8538     4.0040 1.04e-07 5.99e-09  119.20  100.24  102.32  270.01     1.6
   49.2      736.149       81.725     2.8810     3.9727 1.03e-07 6.05e-09  119.21  100.24  102.32  270.01     1.6
   50.3      737.183       83.024     2.8829     3.9727 1.04e-07 5.99e-09  119.21  100.24  102.32  270.00     1.6
   51.3      738.237       82.971     2.9054     3.9415 1.04e-07 6.05e-09  119.21  100.24  102.32  269.99     1.6
   52.3      739.269       81.365     2.8904     4.0040 1.04e-07 6.03e-09  119.21  100.24  102.32  269.99     1.6
   53.4      740.318       86.574     2.8923     3.9727 1.03e-07 5.98e-09  119.21  100.24  102.32  269.99     1.6
   54.4      741.350       83.142     2.8885     3.9727 1.04e-07 5.93e-09  119.21  100.25  102.32  269.99     1.6
   55.5      742.386       78.997     2.8660     3.9727 1.04e-07 5.97e-09  119.21  100.24  102.31  270.01     1.6
   56.5      743.450       78.147     2.8960     3.9727 1.03e-07 6.05e-09  119.21  100.24  102.32  270.00     2.0
   57.6      744.480       85.711     2.8454     4.0040 1.04e-07 6.04e-09  119.21  100.24  102.32  270.00     2.0
   58.6      745.531       81.961     2.8547     3.9727 1.04e-07 5.96e-09  119.21  100.24  102.32  270.00     2.0
   59.6      746.571       81.559     2.8726     3.9727 1.04e-07 6.03e-09  119.20  100.24  102.32  269.99     2.0
    0.0      901.382       94.944     2.4315     3.2220 1.14e-07 5.37e-09  123.66  103.24   98.97  269.99     3.6
    1.1      902.437       92.369     2.3517     3.3471 1.14e-07 5.41e-09  123.65  103.23   98.96  270.00     3.6
    2.1      903.472       94.948     2.4428     3.0343 1.14e-07 5.47e-09  123.65  103.23   98.96  270.00     3.6
    3.1      904.527       91.796     2.4005     3.1594 1.14e-07 5.46e-09  123.66  103.23   98.96  270.00     3.6
    4.2      905.574       94.514     2.4371     2.8153 1.14e-07 5.40e-09  123.66  103.23   98.96  270.00     3.6
    5.2      906.629       91.982     2.5010     3.1907 1.14e-07 5.38e-09  123.66  103.24   98.96  270.00     3.6
    6.3      907.673       92.366     2.4709     2.9405 1.14e-07 5.41e-09  123.66  103.23   98.96  269.99     3.6
    7.3      908.726       91.758     2.4503     3.0030 1.14e-07 5.38e-09  123.67  103.24   98.96  270.00     3.6
    8.4      909.785       93.176     2.4888     3.2846 1.14e-07 5.41e-09  123.66  103.24   98.97  270.00     3.6
    9.5      910.861       94.180     2.4963     2.9405 1.14e-07 5.47e-09  123.66  103.23   98.97  270.01     3.6
   10.5      911.931       92.984     2.3611     2.8779 1.13e-07 5.48e-09  123.66  103.23   98.96  270.00     3.6
   11.6      912.991       94.137     2.3996     3.3158 1.14e-07 5.41e-09  123.66  103.23   98.96  269.99     3.6
   12.7      914.052       91.854     2.4859     2.8466 1.14e-07 5.37e-09  123.66  103.23   98.96  270.00     3.6
   13.7      915.084       91.270     2.3461     3.2846 1.14e-07 5.42e-09  123.67  103.23   98.97  270.00     3.6
   14.7      916.129       93.580     2.4709     2.7841 1.14e-07 5.49e-09  123.66  103.23   98.96  270.00     3.6
   15.8      917.173       92.224     2.4897     2.8153 1.14e-07 5.48e-09  123.66  103.23   98.96  270.00     3.6
   16.8      918.232       92.535     2.4766     2.9717 1.14e-07 5.49e-09  123.66  103.23   98.96  269.99     3.6
   17.9      919.275       90.745     2.3377     3.2846 1.14e-07 5.48e-09  123.66  103.23   98.97  269.99     3.6
   18.9      920.321       93.725     2.3996     3.1594 1.14e-07 5.41e-09  123.65  103.23   98.97  269.99     3.6
   20.0      921.357       94.213     2.4156     3.2220 1.14e-07 5.37e-09  123.66  103.23   98.96  270.00     3.6
   21.0      922.389       93.857     2.4672     2.8466 1.14e-07 5.43e-09  123.65  103.24   98.96  270.00     3.6
   22.1      923.452       92.895     2.5066     3.2846 1.14e-07 5.49e-09  123.66  103.23   98.96  270.00     3.6
   23.1      924.489       95.449     2.4925     3.1594 1.13e-07 5.50e-09  123.66  103.23   98.97  269.99     3.6
   24.2      925.541       93.064     2.3686     3.2846 1.14e-07 5.42e-09  123.65  103.24   98.96  269.99     3.6
   25.2      926.583       93.585     2.4268     3.1594 1.14e-07 5.38e-09  123.66  103.23   98.97  270.00     3.6
   26.3      927.636       91.631     2.3752     3.1281 1.14e-07 5.44e-09  123.66  103.23   98.97  270.00     3.6
   27.3      928.675       93.934     2.5000     2.9405 1.13e-07 5.40e-09  123.66  103.23   98.97  270.00     3.6
   28.3      929.729       93.029     2.5103     2.9717 1.14e-07 5.43e-09  123.66  103.23   98.97  269.99     3.6
   29.4      930.766       92.677     2.4737     3.0656 1.14e-07 5.49e-09  123.66  103.23   98.97  270.00     3.6
   30.5      931.845       91.361     2.4475     2.6276 1.14e-07 5.48e-09  123.66  103.23   98.96  270.00     3.6
   31.5      932.912       91.265     2.4906     3.2846 1.14e-07 5.42e-09  123.66  103.23   98.96  270.01     3.6
   32.6      933.968       91.519     2.3846     3.4097 1.14e-07 5.40e-09  123.66  103.23   98.97  270.00     3.6
   33.7      935.039       89.826     2.3621     2.8153 1.14e-07 5.44e-09  123.66  103.23   98.96  270.01     3.6
   34.7      936.070       93.077     2.3958     3.1907 1.14e-07 5.50e-09  123.66  103.23   98.97  269.99     3.6
   35.7      937.123       91.602     2.4775     3.2220 1.14e-07 5.49e-09  123.66  103.24   98.97  269.99     3.6
   36.8      938.156       90.139     2.5028     3.0343 1.14e-07 5.43e-09  123.66  103.23   98.96  269.99     3.6
   37.8      939.189       92.806     2.4137     3.1281 1.14e-07 5.48e-09  123.66  103.24   98.96  270.00     3.6
   38.9      940.254       92.582     2.4306     3.0656 1.14e-07 5.42e-09  123.66  103.23   98.96  270.01     3.6
   39.9      941.289       92.618     2.3996     3.1907 1.14e-07 5.39e-09  123.66  103.23   98.96  270.01     3.6
   41.0      942.346       90.383     2.5000     3.4097 1.14e-07 5.44e-09  123.65  103.23   98.97  269.99     3.6
   42.0      943.378       93.412     2.4690     2.7528 1.14e-07 5.51e-09  123.66  103.23   98.97  269.99     3.2
   43.1      944.435       89.107     2.3865     3.2220 1.14e-07 5.49e-09  123.66  103.23   98.96  269.99     3.2
   44.1      945.471       90.624     2.3912     3.3471 1.14e-07 5.42e-09  123.66  103.23   98.97  270.00     3.2
   45.1      946.518       89.410     2.4906     3.2846 1.14e-07 5.41e-09  123.66  103.23   98.96  270.00     3.2
   46.2      947.556       90.653     2.5122     3.2220 1.14e-07 5.45e-09  123.65  103.23   98.97  270.00     3.2
   47.2      948.616       91.474     2.4212     3.2533 1.14e-07 5.51e-09  123.66  103.23   98.96  270.00     3.2
   48.3      949.659       93.016     2.5038     2.9092 1.14e-07 5.49e-09  123.66  103.23   98.96  269.99     3.2
   49.3      950.690       91.714     2.4850     3.2220 1.14e-07 5.51e-09  123.66  103.23   98.96  269.99     3.2
   50.4      951.740       91.275     2.4418     2.7215 1.14e-07 5.49e-09  123.66  103.23   98.97  270.01     3.2
   51.4      952.772       89.362     2.3621     3.4410 1.14e-07 5.42e-09  123.66  103.23   98.97  270.01     3.2
   52.5      953.835       92.683     2.4869     3.1594 1.14e-07 5.41e-09  123.66  103.23   98.97  270.01     3.6
   53.5      954.910       94.504     2.3461     3.2533 1.14e-07 5.45e-09  123.66  103.24   98.97  269.99     3.6
   54.6      955.966       92.223     2.4568     3.1907 1.14e-07 5.49e-09  123.66  103.23   98.97  269.99     3.6
   55.7      957.038       89.396     2.4963     3.0656 1.14e-07 5.49e-09  123.66  103.24   98.96  269.99     3.6
   56.7      958.083       91.123     2.4784     2.9717 1.14e-07 5.43e-09  123.66  103.23   98.96  269.99     3.6
   57.8      959.136       91.799     2.4653     3.3471 1.14e-07 5.41e-09  123.66  103.23   98.97  270.00     3.6
   58.8      960.173       90.497     2.4503     3.3784 1.14e-07 5.44e-09  123.66  103.23   98.97  270.00     3.6
   59.8      961.231       90.287     2.4484     3.2846 1.14e-07 5.40e-09  123.66  103.23   98.97  269.99     3.6
    0.0     1188.876       90.705     2.9157     3.5661 1.04e-07 5.97e-09  123.32  100.61  105.55  270.00     2.0
    1.0     1189.924       91.552     2.9289     3.5661 1.04e-07 6.02e-09  123.31  100.61  105.55  270.00     2.0
    2.1     1190.962       90.837     2.9148     3.5661 1.04e-07 6.08e-09  123.31  100.61  105.55  269.99     2.0
    3.1     1192.012       90.874     2.9326     3.5974 1.04e-07 6.07e-09  123.31  100.61  105.55  269.99     2.0
    4.2     1193.049       90.028     2.9064     3.5348 1.04e-07 5.98e-09  123.33  100.61  105.55  270.00     2.0
    5.2     1194.112       91.895     2.9336     3.5348 1.03e-07 5.96e-09  123.33  100.61  105.55  270.01     1.6
    6.3     1195.164       88.433     2.9345     3.5661 1.04e-07 6.01e-09  123.31  100.61  105.55  270.00     1.6
    7.4     1196.236       94.681     2.9167     3.5661 1.04e-07 5.95e-09  123.30  100.61  105.55  270.00     1.6
    8.4     1197.315       95.364     2.8942     3.5661 1.04e-07 6.02e-09  123.31  100.61  105.55  269.99     1.6
    9.5     1198.350       89.188     2.9261     3.5348 1.04e-07 6.07e-09  123.32  100.61  105.55  269.99     1.6
   10.5     1199.382       92.258     2.9214     3.5661 1.04e-07 6.04e-09  123.33  100.61  105.55  270.00     1.6
   11.6     1200.439       92.806     2.9167     3.5348 1.04e-07 5.98e-09  123.32  100.61  105.55  270.00     1.6
   12.6     1201.476       89.682     2.9073     3.5348 1.04e-07 5.95e-09  123.33  100.61  105.55  270.00     1.6
   13.7     1202.527       90.439     2.9270     3.5348 1.04e-07 6.01e-09  123.32  100.61  105.55  270.00     1.6
   14.7     1203.561       89.755     2.9345     3.5348 1.04e-07 6.06e-09  123.33  100.61  105.55  270.00     1.6
   15.7     1204.620       87.477     2.9430     3.5348 1.04e-07 6.04e-09  123.33  100.61  105.55  269.99     1.6
   16.8     1205.657       85.159     2.9336     3.5661 1.04e-07 5.96e-09  123.34  100.61  105.55  269.99     1.6
   17.8     1206.714       91.220     2.9401     3.5348 1.04e-07 6.04e-09  123.34  100.61  105.55  269.99     1.6
   18.9     1207.746       84.470     2.9261     3.5035 1.04e-07 5.97e-09  123.34  100.61  105.55  270.00     1.6
   19.9     1208.784       90.119     2.9223     3.5348 1.04e-07 5.94e-09  123.34  100.61  105.55  270.01     1.6
   21.0     1209.835       92.038     2.9064     3.5348 1.04e-07 6.00e-09  123.34  100.61  105.55  270.00     1.6
   22.0     1210.868       91.627     2.9373     3.5348 1.04e-07 6.06e-09  123.35  100.61  105.55  269.99     1.6
   23.0     1211.922       88.478     2.9298     3.5661 1.04e-07 6.04e-09  123.35  100.61  105.55  269.99     1.6
   24.1     1212.956       92.752     2.9233     3.5348 1.04e-07 5.98e-09  123.36  100.61  105.55  269.99     1.6
   25.1     1214.009       90.393     2.9045     3.5348 1.04e-07 5.95e-09  123.36  100.61  105.55  270.01     2.0
   26.2     1215.047       92.210     2.9298     3.5348 1.04e-07 5.99e-09  123.36  100.61  105.55  270.02     2.0
   27.2     1216.084       93.702     2.9242     3.5035 1.04e-07 6.06e-09  123.36  100.61  105.55  270.00     2.0
   28.3     1217.153       92.453     2.9129     3.5348 1.04e-07 6.05e-09  123.36  100.61  105.55  269.99     2.0
   29.3     1218.224       88.538     2.9326     3.5348 1.04e-07 6.06e-09  123.36  100.61  105.55  269.99     2.0
   30.4     1219.277       91.839     2.8913     3.5348 1.04e-07 6.05e-09  123.36  100.61  105.55  269.99     2.0
   31.5     1220.346       94.439     2.9345     3.5348 1.04e-07 5.98e-09  123.36  100.61  105.55  270.00     2.0
   32.5     1221.379       89.037     2.9411     3.5348 1.04e-07 5.95e-09  123.36  100.61  105.55  270.00     2.0
   33.6     1222.435       93.893     2.9082     3.5348 1.03e-07 6.00e-09  123.36  100.61  105.55  270.01     2.0
   34.6     1223.473       91.091     2.9251     3.5348 1.04e-07 6.06e-09  123.36  100.61  105.55  270.00     1.6
   35.6     1224.525       90.316     2.9261     3.5348 1.04e-07 6.04e-09  123.35  100.61  105.55  270.00     1.6
   36.7     1225.560       91.374     2.9167     3.4722 1.04e-07 5.96e-09  123.35  100.61  105.55  269.99     1.6
   37.7     1226.591       88.869     2.9204     3.5348 1.04e-07 5.94e-09  123.35  100.61  105.55  270.00     1.6
   38.8     1227.649       91.757     2.9129     3.5035 1.03e-07 5.99e-09  123.35  100.61  105.55  270.00     1.6
   39.8     1228.683       88.111     2.9298     3.5661 1.04e-07 5.94e-09  123.34  100.61  105.55  270.00     1.6
   40.9     1229.745       89.900     2.9082     3.5348 1.04e-07 5.98e-09  123.35  100.61  105.55  269.99     1.6
   41.9     1230.776       89.675     2.9448     3.5348 1.04e-07 6.07e-09  123.34  100.61  105.55  269.99     1.6
   43.0     1231.836       95.064     2.9148     3.5348 1.04e-07 6.03e-09  123.35  100.61  105.55  269.99     1.6
   44.0     1232.872       87.919     2.9345     3.4722 1.04e-07 5.95e-09  123.34  100.61  105.55  270.00     1.6
   45.0     1233.920       92.922     2.9355     3.5348 1.04e-07 5.95e-09  123.35  100.61  105.55  270.02     2.0
   46.1     1234.965       92.127     2.9167     3.5348 1.04e-07 5.97e-09  123.35  100.61  105.55  270.01     2.0
   47.1     1236.019       94.953     2.9317     3.5348 1.04e-07 6.06e-09  123.35  100.61  105.55  270.01     2.0
   48.2     1237.060       91.704     2.9326     3.5348 1.04e-07 6.03e-09  123.35  100.61  105.55  270.00     2.0
   49.2     1238.114       93.722     2.9392     3.5035 1.04e-07 5.96e-09  123.36  100.61  105.55  270.00     2.0
   50.3     1239.175       88.954     2.9064     3.5348 1.04e-07 6.04e-09  123.36  100.62  105.55  270.00     2.0
   51.4     1240.260       89.515     2.9364     3.5348 1.04e-07 5.96e-09  123.36  100.61  105.55  270.00     2.0
   52.4     1241.323       92.667     2.9270     3.4722 1.04e-07 5.94e-09  123.36  100.61  105.55  270.00     2.0
   53.5     1242.364       89.734     2.9167     3.5348 1.04e-07 5.99e-09  123.36  100.61  105.55  269.99     2.0
   54.5     1243.419       88.150     2.9082     3.4722 1.04e-07 6.04e-09  123.36  100.61  105.55  270.00     1.6
   55.6     1244.455       90.323     2.9223     3.5348 1.04e-07 6.03e-09  123.36  100.61  105.55  270.00     1.6
   56.6     1245.507       90.110     2.9111     3.5348 1.04e-07 5.96e-09  123.36  100.61  105.55  270.00     1.6
   57.7     1246.538       95.984     2.9326     3.5661 1.04e-07 5.95e-09  123.36  100.61  105.55  270.00     1.6
   58.7     1247.582       89.023     2.9111     3.5661 1.04e-07 5.98e-09  123.35  100.61  105.55  269.99     1.6
   59.8     1248.634       89.836     2.9401     3.4722 1.04e-07 6.05e-09  123.36  100.61  105.55  270.00     1.6
    0.0     1377.048       73.049     2.2307     2.7215 1.17e-07 5.36e-09  126.54  104.40  100.79  270.00     3.6
    1.0     1378.077       74.002     2.3133     2.7841 1.17e-07 5.31e-09  126.55  104.40  100.79  269.99     3.6
    2.1     1379.133       71.344     2.1763     2.8779 1.17e-07 5.27e-09  126.54  104.40  100.79  269.99     3.6
    3.1     1380.168       73.012     2.2401     2.6276 1.18e-07 5.29e-09  126.54  104.39  100.79  270.00     3.6
    4.2     1381.236       72.645     2.2448     2.8153 1.17e-07 5.27e-09  126.53  104.39  100.80  270.00     3.6
    5.2     1382.271       72.968     2.1903     2.6276 1.17e-07 5.30e-09  126.54  104.38  100.80  270.00     3.6
    6.3     1383.319       71.479     2.2297     2.9405 1.18e-07 5.36e-09  126.54  104.39  100.80  270.00     4.0
    7.3     1384.362       75.415     2.2166     2.8779 1.17e-07 5.37e-09  126.54  104.38  100.80  270.00     4.0
    8.4     1385.414       74.223     2.2982     2.8153 1.17e-07 5.31e-09  126.54  104.39  100.80  270.00     4.0
    9.4     1386.465       71.186     2.2907     2.9092 1.17e-07 5.29e-09  126.53  104.38  100.80  270.00     4.0
   10.5     1387.535       73.799     2.2401     2.7528 1.17e-07 5.32e-09  126.53  104.38  100.79  269.99     4.0
   11.5     1388.591       71.714     2.2053     2.8466 1.17e-07 5.37e-09  126.53  104.38  100.80  270.00     4.0
   12.6     1389.655       72.995     2.3142     3.0030 1.17e-07 5.39e-09  126.53  104.39  100.80  269.99     4.0
   13.6     1390.685       73.157     2.2663     2.7841 1.17e-07 5.38e-09  126.52  104.39  100.80  270.00     4.0
   14.7     1391.738       74.103     2.3348     2.7841 1.17e-07 5.38e-09  126.52  104.39  100.80  269.99     4.0
   15.7     1392.784       75.837     2.2870     2.8153 1.17e-07 5.32e-09  126.52  104.39  100.80  270.00     4.0
   16.8     1393.836       71.421     2.1791     2.5338 1.17e-07 5.28e-09  126.52  104.40  100.79  270.00     4.0
   17.8     1394.872       70.212     2.2832     2.5338 1.17e-07 5.34e-09  126.52  104.39  100.79  270.00     4.0
   18.9     1395.922       74.318     2.2523     3.0343 1.17e-07 5.38e-09  126.52  104.39  100.79  269.99     4.0
   19.9     1396.974       73.086     2.2307     2.7528 1.17e-07 5.39e-09  126.51  104.39  100.79  269.99     4.0
   21.0     1398.024       74.386     2.2926     2.8466 1.17e-07 5.33e-09  126.52  104.39  100.80  270.00     4.0
   22.0     1399.065       73.644     2.2588     2.7841 1.17e-07 5.29e-09  126.52  104.38  100.80  270.00     4.0
   23.1     1400.120       74.453     2.2692     2.5025 1.17e-07 5.33e-09  126.52  104.39  100.80  270.00     4.0
   24.1     1401.153       74.620     2.3161     2.8153 1.18e-07 5.38e-09  126.52  104.39  100.79  269.99     4.0
   25.2     1402.234       73.023     2.2907     2.6276 1.17e-07 5.32e-09  126.52  104.39  100.80  269.99     4.0
   26.3     1403.307       73.519     2.2560     2.8153 1.17e-07 5.38e-09  126.53  104.39  100.80  270.00     3.6
   27.3     1404.361       73.225     2.2607     2.8779 1.17e-07 5.40e-09  126.53  104.39  100.79  270.01     3.6
   28.4     1405.441       74.827     2.2344     2.9717 1.17e-07 5.33e-09  126.52  104.39  100.79  269.99     3.6
   29.4     1406.479       73.273     2.2617     2.8466 1.18e-07 5.30e-09  126.53  104.39  100.79  269.99     3.6
   30.5     1407.525       71.016     2.1359     2.9092 1.17e-07 5.33e-09  126.53  104.39  100.79  269.99     3.6
   31.5     1408.558       70.032     2.2954     2.9092 1.17e-07 5.39e-09  126.53  104.39  100.79  269.99     3.6
   32.6     1409.611       71.516     2.2476     2.8153 1.17e-07 5.40e-09  126.53  104.39  100.80  270.00     3.6
   33.6     1410.644       73.430     2.1960     2.9717 1.17e-07 5.34e-09  126.53  104.40  100.79  270.02     3.6
   34.6     1411.675       74.327     2.2438     2.7528 1.17e-07 5.40e-09  126.53  104.39  100.79  270.00     3.6
   35.7     1412.733       72.264     2.3151     2.9717 1.17e-07 5.35e-09  126.52  104.39  100.80  269.99     3.6
   36.7     1413.769       73.579     2.3170     2.7841 1.17e-07 5.30e-09  126.53  104.40  100.79  269.99     3.6
   37.8     1414.821       72.779     2.2495     2.6902 1.17e-07 5.34e-09  126.52  104.40  100.80  269.99     3.6
   38.8     1415.858       72.305     2.1988     2.5651 1.17e-07 5.40e-09  126.52  104.39  100.79  270.01     3.6
   39.8     1416.889       73.009     2.2297     2.7215 1.17e-07 5.42e-09  126.52  104.39  100.79  270.01     3.6
   40.9     1417.941       73.629     2.3649     2.8466 1.17e-07 5.34e-09  126.52  104.39  100.80  270.01     3.6
   41.9     1418.975       73.170     2.1725     2.7841 1.17e-07 5.32e-09  126.52  104.38  100.79  270.00     3.6
   43.0     1420.028       71.358     2.2213     2.7215 1.17e-07 5.38e-09  126.52  104.38  100.80  269.99     3.6
   44.0     1421.060       73.309     2.2635     2.8153 1.17e-07 5.39e-09  126.52  104.39  100.79  269.99     3.6
   45.1     1422.108       73.511     2.2204     2.9405 1.17e-07 5.41e-09  126.52  104.39  100.80  270.00     3.6
   46.1     1423.140       73.436     2.3320     2.9405 1.17e-07 5.36e-09  126.52  104.39  100.79  270.01     3.6
   47.1     1424.178       72.854     2.2654     2.9405 1.17e-07 5.41e-09  126.52  104.39  100.79  270.01     3.6
   48.2     1425.256       72.776     2.2823     3.0343 1.18e-07 5.36e-09  126.52  104.39  100.79  270.01     3.6
   49.3     1426.324       71.089     2.2504     2.8466 1.17e-07 5.31e-09  126.53  104.39  100.79  269.99     3.6
   50.3     1427.379       72.914     2.2973     2.8779 1.17e-07 5.36e-09  126.52  104.39  100.80  269.99     3.6
   51.4     1428.455       72.705     2.2635     2.7528 1.17e-07 5.39e-09  126.52  104.39  100.80  270.00     3.6
   52.4     1429.486       75.220     2.2936     2.9717 1.17e-07 5.43e-09  126.53  104.39  100.79  270.00     3.6
   53.5     1430.533       72.764     2.2701     2.7215 1.17e-07 5.36e-09  126.53  104.39  100.79  270.01     3.6
   54.5     1431.571       71.059     2.2907     2.7841 1.17e-07 5.33e-09  126.52  104.39  100.79  270.00     3.6
   55.6     1432.622       70.661     2.2682     2.7528 1.17e-07 5.36e-09  126.53  104.39  100.80  269.99     3.6
   56.6     1433.660       72.955     2.2222     2.9405 1.17e-07 5.40e-09  126.52  104.39  100.80  269.99     3.6
   57.7     1434.715       73.687     2.2898     2.7528 1.17e-07 5.36e-09  126.52  104.39  100.80  269.99     3.6
   58.7     1435.746       72.993     2.1838     2.9092 1.17e-07 5.41e-09  126.52  104.39  100.80  269.99     3.6
   59.7     1436.777       74.568     2.2335     2.8153 1.17e-07 5.44e-09  126.52  104.39  100.79  270.00     3.6
    0.0     1529.358       92.068     2.3771     2.9405 1.15e-07 5.57e-09  123.53  107.13   98.41  270.01     4.4
    1.1     1530.431       96.332     2.4127     3.0656 1.16e-07 5.52e-09  123.53  107.14   98.41  270.00     4.4
    2.1     1531.484       93.480     2.4034     2.9717 1.15e-07 5.48e-09  123.52  107.13   98.41  270.00     4.4
    3.2     1532.546       95.421     2.3780     3.0343 1.16e-07 5.50e-09  123.54  107.13   98.41  269.99     4.4
    4.2     1533.580       94.164     2.4043     3.0030 1.16e-07 5.55e-09  123.54  107.13   98.42  269.99     4.4
    5.3     1534.633       93.432     2.4221     3.0656 1.16e-07 5.57e-09  123.53  107.13   98.42  270.00     4.4
    6.3     1535.666       93.351     2.4512     2.9717 1.16e-07 5.53e-09  123.54  107.13   98.41  270.01     4.4
    7.4     1536.719       92.250     2.4409     3.0969 1.15e-07 5.59e-09  123.54  107.13   98.41  270.00     4.4
    8.4     1537.762       95.383     2.4193     2.9717 1.16e-07 5.51e-09  123.54  107.13   98.41  270.00     4.4
    9.5     1538.810       92.421     2.4184     3.0030 1.16e-07 5.47e-09  123.54  107.13   98.41  269.99     4.4
   10.5     1539.845       95.381     2.4259     2.9717 1.15e-07 5.51e-09  123.54  107.14   98.41  269.99     4.4
   11.5     1540.875       93.555     2.4418     3.0030 1.16e-07 5.55e-09  123.54  107.14   98.41  270.00     4.4
   12.6     1541.925       93.875     2.4080     2.9092 1.15e-07 5.59e-09  123.54  107.14   98.41  270.00     4.4
   13.6     1542.957       95.483     2.4080     3.0030 1.16e-07 5.53e-09  123.54  107.14   98.41  270.00     4.4
   14.7     1544.012       96.109     2.4137     2.9405 1.16e-07 5.48e-09  123.54  107.14   98.41  270.00     4.8
   15.7     1545.048       95.712     2.4259     2.9717 1.15e-07 5.51e-09  123.54  107.14   98.41  270.00     4.8
   16.7     1546.084       94.580     2.4446     2.8779 1.15e-07 5.55e-09  123.54  107.14   98.41  269.99     4.8
   17.8     1547.134       93.651     2.4024     3.0343 1.15e-07 5.58e-09  123.53  107.14   98.41  269.99     4.8
   18.8     1548.173       93.282     2.4428     3.0343 1.16e-07 5.53e-09  123.54  107.13   98.41  269.99     4.8
   19.9     1549.230       93.605     2.4371     2.9717 1.16e-07 5.59e-09  123.54  107.13   98.41  270.00     4.8
   20.9     1550.269       94.083     2.4174     3.0343 1.16e-07 5.54e-09  123.53  107.13   98.42  270.01     4.8
   22.0     1551.335       95.114     2.4456     2.9092 1.15e-07 5.50e-09  123.53  107.13   98.42  270.01     4.8
   23.0     1552.392       93.208     2.4146     3.0030 1.15e-07 5.50e-09  123.53  107.13   98.42  270.00     4.8
   24.1     1553.467       94.116     2.4278     2.9717 1.15e-07 5.55e-09  123.53  107.13   98.42  269.99     4.4
   25.2     1554.542       94.205     2.4193     3.0969 1.16e-07 5.59e-09  123.53  107.14   98.42  269.99     4.4
   26.2     1555.573       94.578     2.3987     3.0969 1.16e-07 5.55e-09  123.53  107.13   98.41  270.00     4.4
   27.3     1556.629       92.529     2.4127     2.9717 1.16e-07 5.49e-09  123.53  107.13   98.41  270.01     4.4
   28.3     1557.663       92.335     2.4193     3.0030 1.15e-07 5.50e-09  123.54  107.14   98.41  270.01     4.4
   29.4     1558.712       95.246     2.4418     2.9405 1.15e-07 5.49e-09  123.54  107.13   98.41  270.01     4.4
   30.4     1559.757       92.871     2.4268     2.9405 1.15e-07 5.51e-09  123.54  107.14   98.41  269.99     4.4
   31.4     1560.787       94.125     2.4681     3.0969 1.16e-07 5.56e-09  123.54  107.13   98.41  269.99     4.4
   32.5     1561.847       92.379     2.3977     3.0969 1.16e-07 5.60e-09  123.54  107.14   98.41  270.00     4.4
   33.5     1562.880       94.448     2.4493     3.0343 1.16e-07 5.54e-09  123.54  107.14   98.41  270.00     4.4
   34.6     1563.940       93.664     2.4334     3.0969 1.16e-07 5.48e-09  123.54  107.13   98.41  270.02     4.4
   35.6     1564.975       94.629     2.4465     2.9717 1.16e-07 5.51e-09  123.54  107.14   98.42  270.01     4.4
   36.7     1566.028       93.682     2.4034     3.0030 1.16e-07 5.56e-09  123.54  107.13   98.41  269.99     4.4
   37.7     1567.068       95.127     2.4287     3.0656 1.16e-07 5.60e-09  123.54  107.13   98.41  270.00     4.4
   38.8     1568.116       94.060     2.4446     2.9717 1.15e-07 5.53e-09  123.54  107.13   98.41  269.99     4.4
   39.8     1569.157       95.537     2.4043     3.1281 1.15e-07 5.50e-09  123.54  107.13   98.41  269.99     4.4
   40.9     1570.225       92.898     2.4137     3.0030 1.16e-07 5.52e-09  123.53  107.13   98.41  269.99     4.4
   41.9     1571.264       95.865     2.4268     3.0343 1.15e-07 5.49e-09  123.54  107.13   98.42  270.02     4.4
   43.0     1572.314       92.351     2.4240     2.9405 1.15e-07 5.51e-09  123.53  107.13   98.41  270.00     4.4
   44.0     1573.370       92.595     2.4193     2.9405 1.16e-07 5.57e-09  123.54  107.13   98.41  270.00     4.4
   45.1     1574.441       93.541     2.4362     2.9092 1.15e-07 5.58e-09  123.53  107.13   98.41  269.99     4.4
   46.2     1575.514       93.745     2.4268     2.9405 1.15e-07 5.53e-09  123.53  107.14   98.42  269.99     4.4
   47.2     1576.573       90.688     2.4400     3.0343 1.16e-07 5.47e-09  123.53  107.14   98.41  270.00     4.4
   48.3     1577.619       94.580     2.4184     3.0343 1.16e-07 5.50e-09  123.54  107.13   98.42  270.01     4.4
   49.3     1578.657       93.758     2.4109     3.0656 1.16e-07 5.58e-09  123.53  107.13   98.42  270.01     4.4
   50.3     1579.691       94.986     2.3996     3.0656 1.15e-07 5.51e-09  123.54  107.14   98.41  270.01     4.4
   51.4     1580.747       94.510     2.4212     3.0656 1.15e-07 5.56e-09  123.54  107.13   98.41  269.99     4.4
   52.4     1581.779       93.380     2.3949     3.0030 1.15e-07 5.60e-09  123.53  107.13   98.41  269.99     4.4
   53.5     1582.830       93.611     2.4156     3.0656 1.16e-07 5.53e-09  123.54  107.13   98.42  269.99     4.4
   54.5     1583.865       94.502     2.3865     3.0969 1.16e-07 5.48e-09  123.54  107.14   98.41  270.00     4.4
   55.6     1584.922       92.804     2.4015     3.0030 1.16e-07 5.51e-09  123.54  107.13   98.41  270.01     4.4
   56.6     1585.959       94.935     2.4071     3.0343 1.16e-07 5.56e-09  123.53  107.14   98.41  270.00     4.4
   57.7     1587.018       93.887     2.4259     3.0656 1.15e-07 5.60e-09  123.54  107.13   98.41  270.00     4.4
   58.7     1588.054       92.930     2.4071     2.9405 1.15e-07 5.54e-09  123.54  107.14   98.41  270.00     4.4
   59.7     1589.086       94.867     2.4249     2.9405 1.16e-07 5.49e-09  123.54  107.13   98.41  270.00     4.4
