    0.1      181.558      116.363     2.8510     4.4107 1.09e-07 6.30e-09  122.32  104.96  100.79  270.00     3.2
    1.2      182.663      117.659     2.8482     4.4420 1.09e-07 6.22e-09  122.31  104.95  100.80  269.99     3.2
    2.3      183.779      116.431     2.8660     4.4420 1.08e-07 6.23e-09  122.31  104.95  100.80  269.99     3.2
    3.4      184.877      113.729     2.8688     4.1604 1.09e-07 6.26e-09  122.32  104.95  100.80  269.99     3.2
    4.5      185.949      115.626     2.8529     4.1604 1.09e-07 6.37e-09  122.32  104.94  100.79  270.00     3.2
    5.5      187.012      116.806     2.8510     4.5045 1.09e-07 6.31e-09  122.32  104.94  100.79  270.01     3.2
    6.6      188.097      115.494     2.8679     4.1604 1.09e-07 6.37e-09  122.32  104.94  100.79  270.01     3.2
    7.7      189.173      116.732     2.8435     4.1604 1.09e-07 6.28e-09  122.32  104.93  100.79  269.99     3.2
    8.8      190.260      120.790     2.8707     4.2856 1.09e-07 6.21e-09  122.32  104.93  100.80  269.99     3.2
    9.8      191.324      119.885     2.8557     4.2543 1.09e-07 6.21e-09  122.32  104.94  100.80  269.99     3.2
   10.9      192.395      115.270     2.8379     4.3481 1.09e-07 6.29e-09  122.32  104.93  100.80  270.00     3.2
   12.0      193.472      114.817     2.8519     4.2856 1.09e-07 6.36e-09  122.32  104.94  100.80  270.01     3.2
   13.1      194.557      117.580     2.8604     4.1917 1.09e-07 6.28e-09  122.32  104.93  100.79  270.01     3.2
   14.2      195.663      118.066     2.8454     4.1917 1.09e-07 6.36e-09  122.32  104.94  100.79  269.99     3.2
   15.3      196.776      118.245     2.8585     4.2543 1.08e-07 6.29e-09  122.31  104.94  100.79  269.99     3.2
   16.4      197.887      118.038     2.8454     4.2230 1.08e-07 6.21e-09  122.32  104.94  100.79  269.99     3.2
   17.5      198.962      116.809     2.8698     4.1604 1.08e-07 6.19e-09  122.31  104.94  100.80  270.01     3.2
   18.6      200.065      115.294     2.8660     4.3168 1.08e-07 6.21e-09  122.32  104.94  100.79  270.01     3.2
   19.7      201.182      119.665     2.8341     4.3168 1.08e-07 6.19e-09  122.32  104.94  100.79  270.01     3.2
   20.8      202.296      117.379     2.8181     4.3794 1.08e-07 6.28e-09  122.31  104.94  100.79  269.99     3.2
   21.9      203.365      116.867     2.8388     4.2543 1.08e-07 6.34e-09  122.31  104.94  100.79  269.99     3.2
   22.9      204.428      117.504     2.8745     4.2543 1.08e-07 6.28e-09  122.30  104.94  100.80  270.00     3.2
   24.0      205.514      116.213     2.8632     4.3168 1.08e-07 6.21e-09  122.31  104.94  100.80  270.00     3.2
   25.1      206.603      115.201     2.8538     4.3168 1.08e-07 6.32e-09  122.32  104.94  100.80  270.00     3.2
   26.2      207.683      116.077     2.8594     4.3168 1.08e-07 6.21e-09  122.32  104.93  100.80  270.01     3.2
   27.3      208.759      115.068     2.8594     4.3168 1.08e-07 6.20e-09  122.32  104.93  100.79  269.99     3.2
   28.3      209.823      116.727     2.8472     4.2856 1.08e-07 6.29e-09  122.32  104.93  100.79  269.99     3.2
   29.4      210.903      120.606     2.8491     4.2856 1.08e-07 6.34e-09  122.32  104.93  100.79  270.00     3.2
   30.5      211.973      117.081     2.8651     4.2856 1.08e-07 6.29e-09  122.32  104.94  100.80  270.00     3.2
   31.6      213.058      116.126     2.8538     4.2543 1.08e-07 6.35e-09  122.32  104.94  100.80  270.00     3.2
   32.7      214.170      118.389     2.8613     4.2856 1.08e-07 6.31e-09  122.32  104.94  100.80  270.00     3.2
   33.8      215.277      117.675     2.8491     4.1917 1.08e-07 6.21e-09  122.32  104.94  100.79  270.00     3.2
   34.9      216.365      117.499     2.8566     4.3168 1.08e-07 6.23e-09  122.32  104.94  100.79  269.99     3.2
   35.9      217.423      119.585     2.8313     4.3481 1.08e-07 6.28e-09  122.32  104.94  100.79  270.00     3.2
   37.0      218.498      119.337     2.8669     4.3794 1.08e-07 6.35e-09  122.32  104.94  100.79  270.00     3.2
   38.1      219.577      115.035     2.8585     4.2543 1.08e-07 6.30e-09  122.32  104.94  100.80  270.01     3.2
   39.2      220.658      116.577     2.8669     4.2543 1.08e-07 6.36e-09  122.32  104.94  100.80  270.01     3.6
   40.2      221.726      117.669     2.8529     4.2856 1.08e-07 6.32e-09  122.32  104.94  100.80  269.99     3.6
   41.3      222.809      118.331     2.8876     4.2230 1.08e-07 6.23e-09  122.32  104.94  100.79  269.99     3.6
   42.4      223.892      118.573     2.8754     4.2543 1.08e-07 6.21e-09  122.32  104.94  100.80  269.99     3.6
   43.5      224.962      116.731     2.8669     4.3481 1.08e-07 6.30e-09  122.32  104.94  100.79  270.00     3.6
   44.5      226.027      114.785     2.8416     4.3168 1.08e-07 6.21e-09  122.32  104.94  100.79  270.00     3.6
   45.7      227.165      117.076     2.8557     4.3481 1.08e-07 6.30e-09  122.32  104.94  100.79  270.00     3.6
   46.8      228.271      113.728     2.8425     4.2543 1.08e-07 6.38e-09  122.32  104.94  100.79  269.99     3.6
   47.9      229.348      117.938     2.8698     4.1604 1.08e-07 6.33e-09  122.32  104.94  100.80  270.00     3.6
   48.9      230.418      117.019     2.8698     4.1917 1.08e-07 6.21e-09  122.32  104.94  100.80  270.00     3.2
   50.0      231.507      117.145     2.8716     4.2856 1.08e-07 6.21e-09  122.32  104.94  100.80  270.00     3.2
   51.1      232.593      115.328     2.8435     4.3481 1.08e-07 6.22e-09  122.32  104.94  100.79  269.99     3.2
   52.2      233.672      116.087     2.8416     4.3481 1.08e-07 6.21e-09  122.32  104.94  100.79  269.99     3.2
   53.3      234.730      116.994     2.8407     4.2230 1.08e-07 6.29e-09  122.32  104.94  100.79  270.00     3.2
   54.3      235.811      119.086     2.8397     4.1604 1.08e-07 6.36e-09  122.32  104.94  100.79  270.00     3.2
   55.4      236.889      115.623     2.8444     4.3168 1.08e-07 6.30e-09  122.31  104.94  100.80  270.00     3.2
   56.5      237.964      114.907     2.8679     4.2856 1.08e-07 6.23e-09  122.32  104.94  100.79  270.00     3.2
   57.5      239.027      115.306     2.8679     4.2856 1.08e-07 6.30e-09  122.32  104.94  100.79  270.00     3.2
   58.7      240.163      117.343     2.8360     4.3481 1.08e-07 6.23e-09  122.32  104.94  100.79  270.00     3.2
   59.8      241.280      116.297     2.8604     4.2543 1.08e-07 6.22e-09  122.32  104.94  100.79  269.99     3.2
    0.0      408.922       60.801     2.6352     2.8466 1.07e-07 6.17e-09  122.23   99.97  108.47  270.00     1.6
    1.1      410.004       61.043     2.6239     2.8466 1.07e-07 6.26e-09  122.23   99.96  108.47  269.99     1.2
    2.2      411.092       60.687     2.6314     2.8779 1.07e-07 6.19e-09  122.23   99.96  108.47  270.00     1.2
    3.3      412.166       60.015     2.6352     2.8779 1.07e-07 6.27e-09  122.23   99.96  108.47  269.99     1.2
    4.4      413.289       61.660     2.6239     2.8779 1.07e-07 6.25e-09  122.22   99.96  108.47  269.99     1.2
    5.5      414.403       61.930     2.6492     2.8779 1.07e-07 6.17e-09  122.22   99.95  108.47  270.01     1.2
    6.6      415.501       61.854     2.6314     2.8466 1.07e-07 6.13e-09  122.22   99.95  108.47  270.01     1.2
    7.7      416.582       62.395     2.6314     2.9092 1.07e-07 6.17e-09  122.22   99.94  108.47  269.99     1.2
    8.8      417.674       60.411     2.6192     2.8779 1.07e-07 6.13e-09  122.21   99.94  108.48  269.99     1.2
    9.8      418.731       61.945     2.6445     2.8153 1.07e-07 6.18e-09  122.21   99.93  108.47  269.99     1.2
   10.9      419.806       62.072     2.6427     2.9092 1.07e-07 6.24e-09  122.21   99.93  108.47  270.01     1.2
   12.0      420.891       59.370     2.6276     2.8779 1.07e-07 6.25e-09  122.21   99.93  108.47  270.01     1.6
   13.1      421.965       62.059     2.6220     2.9092 1.07e-07 6.15e-09  122.20   99.94  108.48  270.00     1.6
   14.1      423.024       61.907     2.6032     2.8779 1.07e-07 6.26e-09  122.19   99.93  108.47  269.99     1.6
   15.2      424.113       60.331     2.6239     2.8779 1.07e-07 6.17e-09  122.19   99.93  108.47  269.99     1.6
   16.3      425.204       60.494     2.6004     2.9092 1.07e-07 6.12e-09  122.19   99.93  108.48  269.99     1.6
   17.4      426.320       60.405     2.6239     2.9092 1.07e-07 6.18e-09  122.18   99.94  108.47  270.00     1.6
   18.6      427.453       59.273     2.6398     2.9092 1.07e-07 6.26e-09  122.18   99.94  108.47  270.00     1.6
   19.6      428.524       59.810     2.6286     2.9405 1.07e-07 6.19e-09  122.18   99.94  108.48  270.00     1.6
   20.7      429.609       59.110     2.6276     2.8153 1.07e-07 6.26e-09  122.18   99.95  108.47  270.00     1.6
   21.8      430.694       60.285     2.6201     2.8779 1.07e-07 6.26e-09  122.18   99.94  108.47  269.99     1.2
   22.9      431.773       60.742     2.6445     2.8779 1.07e-07 6.16e-09  122.18   99.94  108.47  270.00     1.2
   24.0      432.859       60.750     2.6323     2.9092 1.07e-07 6.12e-09  122.18   99.94  108.47  270.01     1.2
   25.0      433.922       61.124     2.6464     2.9092 1.07e-07 6.16e-09  122.19   99.94  108.48  270.01     1.2
   26.1      434.996       60.957     2.6239     2.9092 1.07e-07 6.25e-09  122.18   99.94  108.48  270.00     1.2
   27.2      436.080       59.855     2.6201     2.9092 1.07e-07 6.19e-09  122.18   99.93  108.48  269.99     1.2
   28.3      437.159       60.994     2.6126     2.9405 1.07e-07 6.26e-09  122.18   99.94  108.48  269.99     1.2
   29.3      438.221       61.943     2.6323     2.9405 1.07e-07 6.26e-09  122.19   99.93  108.47  270.00     1.2
   30.5      439.349       59.776     2.6220     2.9092 1.07e-07 6.17e-09  122.19   99.93  108.47  270.00     1.2
   31.6      440.468       59.374     2.6164     2.9405 1.07e-07 6.11e-09  122.19   99.93  108.47  270.00     1.2
   32.7      441.560       59.968     2.6333     2.9405 1.07e-07 6.16e-09  122.20   99.93  108.48  270.00     1.2
   33.7      442.620       58.841     2.6183     2.8779 1.07e-07 6.12e-09  122.20   99.94  108.47  269.99     1.2
   34.8      443.696       61.914     2.6201     2.9092 1.07e-07 6.17e-09  122.20   99.94  108.48  270.00     1.2
   35.9      444.769       60.305     2.6323     2.9092 1.07e-07 6.25e-09  122.20   99.94  108.47  270.00     1.2
   36.9      445.831       60.974     2.6474     2.9405 1.07e-07 6.24e-09  122.20   99.94  108.47  270.01     1.2
   38.0      446.915       60.429     2.6305     2.9092 1.07e-07 6.16e-09  122.20   99.94  108.47  269.99     1.2
   39.1      447.993       62.562     2.6286     2.8779 1.07e-07 6.13e-09  122.20   99.94  108.47  269.99     1.2
   40.2      449.078       58.253     2.6408     2.9092 1.07e-07 6.17e-09  122.20   99.94  108.47  269.99     1.2
   41.3      450.157       58.765     2.6295     2.8779 1.07e-07 6.12e-09  122.20   99.94  108.47  269.99     1.2
   42.3      451.225       60.408     2.6295     2.8779 1.07e-07 6.16e-09  122.20   99.94  108.47  270.00     1.2
   43.5      452.371       59.248     2.6314     2.9092 1.07e-07 6.24e-09  122.21   99.94  108.48  270.00     1.2
   44.6      453.488       60.680     2.6445     2.9092 1.07e-07 6.26e-09  122.20   99.94  108.48  270.01     1.2
   45.7      454.576       58.954     2.6098     2.8779 1.07e-07 6.25e-09  122.20   99.93  108.48  270.00     1.2
   46.8      455.656       60.116     2.6398     2.9092 1.07e-07 6.26e-09  122.19   99.93  108.48  269.99     1.2
   47.8      456.716       62.683     2.6117     2.8779 1.07e-07 6.16e-09  122.19   99.93  108.47  269.99     1.2
   48.9      457.797       61.242     2.6220     2.8779 1.07e-07 6.11e-09  122.19   99.94  108.47  270.00     1.2
   50.0      458.874       61.547     2.6361     2.8779 1.07e-07 6.18e-09  122.19   99.94  108.47  270.00     1.2
   51.1      459.962       59.833     2.6145     2.9405 1.07e-07 6.24e-09  122.19   99.93  108.48  270.00     1.2
   52.1      461.020       61.383     2.6211     2.9092 1.07e-07 6.16e-09  122.20   99.94  108.48  270.00     1.2
   53.2      462.106       60.272     2.6276     2.9405 1.07e-07 6.24e-09  122.19   99.94  108.47  269.99     1.2
   54.3      463.182       60.230     2.6126     2.8779 1.07e-07 6.24e-09  122.19   99.94  108.47  269.99     1.2
   55.4      464.267       61.192     2.6201     2.8779 1.07e-07 6.17e-09  122.19   99.94  108.47  269.99     1.2
   56.5      465.384       59.023     2.6361     2.9092 1.07e-07 6.11e-09  122.20   99.94  108.47  270.00     1.2
   57.6      466.501       60.711     2.6220     2.9405 1.07e-07 6.18e-09  122.20   99.93  108.47  270.01     1.2
   58.7      467.575       59.861     2.6323     2.9092 1.07e-07 6.12e-09  122.20   99.94  108.47  270.00     1.2
   59.8      468.653       59.393     2.6295     2.9405 1.07e-07 6.17e-09  122.20   99.94  108.47  269.99     1.2
    0.0      685.596      123.240     2.9711     3.6599 1.06e-07 6.58e-09  122.23   97.99  101.59  270.00     2.0
    1.1      686.686      122.919     2.9552     3.6912 1.06e-07 6.50e-09  122.23   97.99  101.59  270.00     2.0
    2.2      687.803      126.622     2.9739     3.6287 1.07e-07 6.48e-09  122.22   97.99  101.60  269.99     2.0
    3.3      688.907      126.648     2.9645     3.6287 1.07e-07 6.54e-09  122.23   97.99  101.59  270.00     2.0
    4.4      689.979      125.966     2.9561     3.6287 1.07e-07 6.62e-09  122.24   97.99  101.58  270.00     2.0
    5.5      691.065      123.044     2.9542     3.5974 1.06e-07 6.54e-09  122.23   97.99  101.57  269.99     2.0
    6.6      692.151      124.559     2.9824     3.5974 1.06e-07 6.63e-09  122.23   97.98  101.59  270.00     2.0
    7.7      693.215      123.750     2.9711     3.6287 1.06e-07 6.62e-09  122.23   97.99  101.59  270.00     2.0
    8.7      694.301      125.146     2.9533     3.5974 1.07e-07 6.53e-09  122.23   97.99  101.59  270.00     2.0
    9.8      695.374      119.291     2.9627     3.6287 1.07e-07 6.49e-09  122.23   97.99  101.57  270.00     2.0
   10.9      696.461      120.765     2.9758     3.6599 1.07e-07 6.54e-09  122.22   97.99  101.59  270.00     2.0
   12.0      697.523      125.687     2.9514     3.6287 1.07e-07 6.48e-09  122.21   97.99  101.58  270.00     2.0
   13.0      698.610      123.754     2.9514     3.6287 1.06e-07 6.53e-09  122.21   97.99  101.58  270.00     2.0
   14.1      699.694      120.230     2.9580     3.6599 1.07e-07 6.62e-09  122.21   97.99  101.59  270.01     2.0
   15.2      700.805      123.335     2.9739     3.6599 1.07e-07 6.59e-09  122.21   97.99  101.59  269.99     1.6
   16.4      701.917      119.405     2.9843     3.6287 1.06e-07 6.52e-09  122.20   97.99  101.59  269.99     1.6
   17.4      702.999      119.872     2.9852     3.6287 1.07e-07 6.50e-09  122.20   97.99  101.57  269.99     1.6
   18.5      704.086      119.918     2.9655     3.6599 1.07e-07 6.52e-09  122.20   97.99  101.58  270.00     1.6
   19.6      705.159      123.360     2.9467     3.6287 1.07e-07 6.48e-09  122.19   97.99  101.59  270.01     1.6
   20.7      706.218      125.138     2.9739     3.5974 1.06e-07 6.56e-09  122.20   97.99  101.58  270.00     1.6
   21.7      707.299      118.628     2.9505     3.6287 1.07e-07 6.63e-09  122.19   97.99  101.58  269.99     1.6
   22.8      708.378      122.052     2.9814     3.6287 1.07e-07 6.60e-09  122.20   97.99  101.59  269.99     1.6
   23.9      709.455      122.457     2.9467     3.6599 1.07e-07 6.48e-09  122.18   97.99  101.59  270.00     1.6
   25.0      710.516      121.535     2.9589     3.6599 1.07e-07 6.48e-09  122.18   97.99  101.59  270.00     2.0
   26.0      711.598      118.562     2.9871     3.6599 1.07e-07 6.50e-09  122.18   97.99  101.59  270.00     2.0
   27.1      712.675      127.154     2.9599     3.5974 1.07e-07 6.49e-09  122.19   97.98  101.59  270.00     2.0
   28.2      713.795      118.521     2.9739     3.6599 1.07e-07 6.54e-09  122.19   97.98  101.59  270.00     2.0
   29.3      714.911      124.867     2.9627     3.6287 1.07e-07 6.63e-09  122.19   97.99  101.59  269.99     2.0
   30.4      716.005      123.989     2.9514     3.6599 1.07e-07 6.61e-09  122.20   97.99  101.59  270.00     2.0
   31.5      717.091      125.030     2.9617     3.6287 1.07e-07 6.61e-09  122.20   97.99  101.59  270.00     2.0
   32.6      718.166      120.211     2.9533     3.6287 1.07e-07 6.61e-09  122.20   97.98  101.59  270.00     2.0
   33.7      719.224      122.943     2.9955     3.6287 1.07e-07 6.51e-09  122.19   97.99  101.58  270.00     2.0
   34.7      720.307      122.216     2.9927     3.6599 1.07e-07 6.48e-09  122.20   97.99  101.58  269.99     2.0
   35.8      721.388      122.383     2.9749     3.6287 1.06e-07 6.54e-09  122.20   97.99  101.58  269.99     2.0
   36.9      722.476      123.621     2.9617     3.6287 1.06e-07 6.60e-09  122.20   97.99  101.57  269.99     2.0
   38.0      723.561      123.224     2.9767     3.5974 1.07e-07 6.54e-09  122.20   97.99  101.59  270.00     2.0
   39.1      724.622      119.795     2.9786     3.6287 1.07e-07 6.62e-09  122.20   97.99  101.58  270.02     2.0
   40.1      725.708      120.838     2.9664     3.6599 1.07e-07 6.59e-09  122.20   97.98  101.59  270.00     2.0
   41.3      726.831      117.608     2.9683     3.5974 1.06e-07 6.50e-09  122.20   97.99  101.59  269.99     2.0
   42.4      727.964      122.922     2.9664     3.6287 1.07e-07 6.47e-09  122.20   97.99  101.59  269.99     2.0
   43.5      729.026      126.832     2.9664     3.6599 1.07e-07 6.51e-09  122.20   97.98  101.59  269.99     2.0
   44.6      730.116      119.838     2.9664     3.5974 1.06e-07 6.47e-09  122.20   97.99  101.57  269.99     2.0
   45.6      731.190      120.947     2.9767     3.5661 1.07e-07 6.55e-09  122.19   97.99  101.59  270.01     2.0
   46.7      732.263      127.562     2.9589     3.6287 1.06e-07 6.64e-09  122.19   97.98  101.59  270.00     2.0
   47.8      733.320      119.500     2.9749     3.6287 1.06e-07 6.59e-09  122.19   97.99  101.59  269.99     2.0
   48.8      734.390      122.558     2.9514     3.6599 1.06e-07 6.51e-09  122.19   97.98  101.59  270.00     2.0
   49.9      735.473      120.178     2.9721     3.5974 1.07e-07 6.48e-09  122.19   97.99  101.59  269.99     2.0
   51.0      736.556      123.886     2.9467     3.6287 1.07e-07 6.51e-09  122.19   97.99  101.60  270.00     2.0
   52.1      737.616      123.891     2.9533     3.5974 1.07e-07 6.47e-09  122.19   97.99  101.59  270.01     2.0
   53.1      738.702      120.001     2.9589     3.6287 1.07e-07 6.52e-09  122.19   97.99  101.58  270.00     2.0
   54.2      739.811      122.851     2.9683     3.5661 1.07e-07 6.61e-09  122.20   97.99  101.60  269.99     2.0
   55.4      740.931      122.822     2.9805     3.5974 1.07e-07 6.59e-09  122.20   97.99  101.59  269.99     2.0
   56.5      742.026      122.701     2.9796     3.5974 1.07e-07 6.63e-09  122.20   97.99  101.57  269.99     2.0
   57.5      743.109      125.168     2.9580     3.6287 1.07e-07 6.58e-09  122.20   97.99  101.58  270.00     2.0
   58.6      744.192      121.886     2.9664     3.6287 1.06e-07 6.51e-09  122.20   97.99  101.61  270.00     2.0
   59.7      745.276      124.134     2.9552     3.6287 1.07e-07 6.47e-09  122.20   97.99  101.58  270.00     2.0
    0.1      844.015       59.388     2.6398     2.7215 1.07e-07 6.14e-09  124.55   97.86  109.20  270.00     1.2
    1.2      845.130       60.240     2.6502     2.6589 1.07e-07 6.11e-09  124.53   97.87  109.20  269.99     1.2
    2.2      846.209       57.659     2.6445     2.6276 1.07e-07 6.15e-09  124.53   97.87  109.22  269.99     1.2
    3.3      847.293       59.396     2.6483     2.6589 1.06e-07 6.23e-09  124.53   97.87  109.22  270.01     1.2
    4.4      848.368       57.268     2.6276     2.6589 1.07e-07 6.22e-09  124.53   97.87  109.22  270.00     1.2
    5.5      849.453       57.013     2.6201     2.6589 1.07e-07 6.13e-09  124.56   97.87  109.21  270.00     1.2
    6.5      850.514       58.662     2.6502     2.6589 1.06e-07 6.10e-09  124.53   97.87  109.21  269.99     1.2
    7.6      851.604       58.775     2.6445     2.7215 1.07e-07 6.13e-09  124.53   97.87  109.22  269.99     1.2
    8.7      852.686       58.446     2.6483     2.6589 1.06e-07 6.08e-09  124.53   97.87  109.21  269.99     1.2
    9.8      853.757       60.528     2.6558     2.6276 1.06e-07 6.17e-09  124.54   97.87  109.22  270.00     1.2
   10.9      854.820       57.999     2.6492     2.6276 1.06e-07 6.24e-09  124.55   97.87  109.19  270.01     1.2
   11.9      855.909       60.465     2.6558     2.6902 1.06e-07 6.21e-09  124.54   97.86  109.21  269.99     1.2
   13.1      857.028       59.555     2.6323     2.6276 1.06e-07 6.23e-09  124.54   97.86  109.23  269.98     1.2
   14.2      858.159       59.376     2.6530     2.6589 1.06e-07 6.22e-09  124.55   97.86  109.21  269.99     1.2
   15.3      859.226       58.397     2.6380     2.6902 1.06e-07 6.12e-09  124.55   97.86  109.21  269.99     1.2
   16.3      860.311       57.248     2.6427     2.6589 1.06e-07 6.09e-09  124.56   97.86  109.21  270.00     1.2
   17.4      861.383       58.824     2.6427     2.6902 1.06e-07 6.17e-09  124.55   97.86  109.21  270.00     1.2
   18.5      862.465       59.361     2.6323     2.6589 1.06e-07 6.23e-09  124.56   97.87  109.20  269.99     1.2
   19.6      863.528       59.399     2.6342     2.6276 1.06e-07 6.16e-09  124.56   97.87  109.21  270.00     1.2
   20.7      864.617       57.877     2.6352     2.6589 1.06e-07 6.23e-09  124.56   97.87  109.19  270.00     1.2
   21.7      865.701       58.883     2.6408     2.6902 1.06e-07 6.21e-09  124.57   97.87  109.19  270.00     1.2
   22.8      866.778       60.330     2.6361     2.6902 1.06e-07 6.13e-09  124.57   97.87  109.22  270.00     1.2
   23.9      867.856       58.454     2.6464     2.6902 1.06e-07 6.09e-09  124.58   97.87  109.21  270.00     1.2
   25.0      868.953       57.657     2.6286     2.6589 1.06e-07 6.15e-09  124.58   97.87  109.20  269.99     1.2
   26.1      870.082       59.828     2.6389     2.6902 1.06e-07 6.09e-09  124.58   97.87  109.20  270.00     1.2
   27.2      871.188       56.975     2.6380     2.6902 1.06e-07 6.17e-09  124.58   97.87  109.20  270.01     1.2
   28.3      872.263       60.885     2.6398     2.7215 1.06e-07 6.24e-09  124.58   97.87  109.21  270.00     1.2
   29.4      873.329       59.524     2.6464     2.6589 1.06e-07 6.22e-09  124.58   97.86  109.21  269.99     1.2
   30.4      874.410       58.929     2.6511     2.6902 1.06e-07 6.13e-09  124.58   97.87  109.22  269.99     1.2
   31.5      875.498       57.165     2.6502     2.6902 1.06e-07 6.09e-09  124.58   97.87  109.22  270.00     1.2
   32.6      876.579       59.277     2.6464     2.6902 1.06e-07 6.11e-09  124.58   97.87  109.20  270.00     1.2
   33.7      877.669       59.313     2.6474     2.6902 1.06e-07 6.09e-09  124.58   97.87  109.21  270.00     1.2
   34.8      878.752       59.155     2.6417     2.6902 1.06e-07 6.14e-09  124.58   97.86  109.22  270.00     1.2
   35.9      879.819       59.577     2.6323     2.6902 1.06e-07 6.25e-09  124.58   97.87  109.21  269.99     1.2
   36.9      880.898       59.376     2.6436     2.7528 1.06e-07 6.20e-09  124.58   97.87  109.20  270.00     1.6
   38.0      881.995       59.523     2.6333     2.6902 1.06e-07 6.13e-09  124.58   97.87  109.22  270.00     1.6
   39.2      883.116       58.082     2.6361     2.7528 1.06e-07 6.22e-09  124.58   97.87  109.21  270.00     1.6
   40.2      884.215       59.675     2.6502     2.6902 1.06e-07 6.12e-09  124.57   97.86  109.22  270.00     1.6
   41.3      885.295       59.651     2.6342     2.6902 1.06e-07 6.09e-09  124.56   97.87  109.20  270.00     1.6
   42.4      886.366       59.607     2.6558     2.7215 1.06e-07 6.16e-09  124.57   97.86  109.21  270.00     1.6
   43.5      887.424       57.928     2.6455     2.6902 1.06e-07 6.23e-09  124.57   97.87  109.21  269.99     1.6
   44.5      888.509       57.542     2.6286     2.7215 1.06e-07 6.21e-09  124.56   97.87  109.21  270.00     1.6
   45.6      889.596       59.946     2.6352     2.6902 1.06e-07 6.23e-09  124.56   97.86  109.21  270.00     1.6
   46.7      890.669       60.099     2.6502     2.7215 1.06e-07 6.21e-09  124.57   97.87  109.22  270.00     1.2
   47.8      891.749       60.043     2.6577     2.7215 1.06e-07 6.11e-09  124.58   97.87  109.21  270.00     1.2
   48.8      892.810       58.228     2.6398     2.6902 1.06e-07 6.10e-09  124.57   97.87  109.20  269.99     1.2
   49.9      893.898       59.925     2.6417     2.6589 1.06e-07 6.14e-09  124.57   97.87  109.21  270.00     1.2
   51.0      894.990       59.997     2.6342     2.6902 1.06e-07 6.25e-09  124.57   97.87  109.22  269.99     1.2
   52.1      896.109       57.457     2.6549     2.6589 1.06e-07 6.19e-09  124.57   97.87  109.21  270.00     1.2
   53.2      897.209       59.477     2.6530     2.6589 1.06e-07 6.24e-09  124.57   97.87  109.22  270.00     1.2
   54.3      898.296       59.650     2.6361     2.6902 1.06e-07 6.21e-09  124.58   97.87  109.21  270.00     1.2
   55.4      899.369       58.468     2.6389     2.7215 1.06e-07 6.12e-09  124.58   97.87  109.22  270.00     1.2
   56.5      900.425       60.177     2.6652     2.7215 1.06e-07 6.09e-09  124.58   97.86  109.20  270.00     1.2
   57.5      901.507       59.772     2.6474     2.6589 1.06e-07 6.14e-09  124.58   97.87  109.20  270.00     1.2
   58.6      902.596       58.478     2.6427     2.6276 1.06e-07 6.10e-09  124.56   97.87  109.23  270.00     1.2
   59.7      903.681       57.908     2.6370     2.6589 1.06e-07 6.17e-09  124.58   97.87  109.21  269.99     1.2
    0.1     1006.361       96.184     2.9448     3.9102 1.06e-07 6.57e-09  120.18  100.43  100.55  270.01     2.4
    1.2     1007.472       98.338     2.9383     3.9102 1.06e-07 6.65e-09  120.18  100.43  100.57  270.00     2.4
    2.2     1008.528       96.884     2.9552     3.9727 1.06e-07 6.58e-09  120.19  100.43  100.56  270.00     2.4
    3.3     1009.610       97.745     2.9317     3.9102 1.06e-07 6.67e-09  120.19  100.43  100.55  269.99     2.4
    4.4     1010.692       98.680     2.9336     3.9727 1.06e-07 6.58e-09  120.19  100.43  100.54  270.00     2.4
    5.5     1011.772       99.564     2.9448     3.8789 1.06e-07 6.52e-09  120.19  100.43  100.54  270.00     2.4
    6.6     1012.864       96.934     2.9467     3.9102 1.06e-07 6.51e-09  120.19  100.43  100.55  270.00     2.4
    7.6     1013.925       93.908     2.9157     3.9415 1.06e-07 6.56e-09  120.19  100.43  100.53  270.00     2.4
    8.7     1015.004       97.377     2.9599     3.9415 1.06e-07 6.66e-09  120.19  100.43  100.53  270.00     2.4
    9.8     1016.089       96.379     2.9514     3.8789 1.06e-07 6.57e-09  120.19  100.43  100.54  270.00     2.4
   10.9     1017.177       99.634     2.9514     3.9415 1.06e-07 6.67e-09  120.19  100.43  100.55  269.99     2.4
   12.0     1018.296       99.745     2.9383     3.9102 1.06e-07 6.58e-09  120.19  100.43  100.56  269.99     2.4
   13.1     1019.401       98.739     2.9636     3.9102 1.06e-07 6.52e-09  120.19  100.42  100.56  270.01     2.4
   14.2     1020.482       96.411     2.9477     3.9415 1.06e-07 6.50e-09  120.18  100.42  100.53  270.00     2.4
   15.3     1021.564       93.910     2.9233     3.9415 1.06e-07 6.51e-09  120.18  100.43  100.55  270.00     2.4
   16.3     1022.627       99.657     2.9467     3.9102 1.06e-07 6.51e-09  120.18  100.42  100.56  270.00     2.4
   17.4     1023.712       96.119     2.9533     3.9102 1.06e-07 6.58e-09  120.17  100.42  100.57  269.99     2.4
   18.5     1024.791       96.819     2.9279     3.9415 1.06e-07 6.65e-09  120.18  100.42  100.54  269.99     2.4
   19.6     1025.865       92.113     2.9355     3.9102 1.06e-07 6.60e-09  120.18  100.42  100.54  270.00     2.4
   20.6     1026.929       97.694     2.9345     3.9415 1.06e-07 6.52e-09  120.18  100.43  100.56  270.00     2.4
   21.7     1028.006       95.040     2.9289     3.8476 1.06e-07 6.49e-09  120.18  100.42  100.54  270.01     2.4
   22.8     1029.095       97.163     2.9308     3.9102 1.06e-07 6.51e-09  120.18  100.43  100.54  269.99     2.4
   23.9     1030.197      100.410     2.9458     3.9415 1.06e-07 6.49e-09  120.18  100.43  100.54  269.99     2.0
   25.0     1031.314       98.572     2.9599     3.9415 1.06e-07 6.56e-09  120.18  100.43  100.56  269.99     2.0
   26.1     1032.406       97.242     2.9589     3.9102 1.06e-07 6.63e-09  120.19  100.42  100.54  270.00     2.0
   27.2     1033.486       96.127     2.9467     3.9102 1.06e-07 6.57e-09  120.19  100.43  100.55  270.01     2.0
   28.3     1034.569       97.944     2.9645     3.8789 1.06e-07 6.65e-09  120.19  100.42  100.55  270.00     2.0
   29.3     1035.631       97.257     2.9458     3.9102 1.06e-07 6.61e-09  120.19  100.43  100.54  270.00     2.0
   30.4     1036.723       94.261     2.9411     3.8789 1.06e-07 6.50e-09  120.19  100.43  100.56  269.99     2.0
   31.5     1037.806       97.340     2.9580     3.9102 1.06e-07 6.51e-09  120.19  100.43  100.55  270.00     2.0
   32.6     1038.882       97.467     2.9392     3.9102 1.06e-07 6.56e-09  120.19  100.43  100.55  270.00     2.0
   33.7     1039.959       96.231     2.9458     3.8789 1.06e-07 6.65e-09  120.19  100.42  100.54  269.99     2.0
   34.7     1041.019       93.684     2.9401     3.9102 1.06e-07 6.58e-09  120.19  100.42  100.54  270.00     2.4
   35.8     1042.107       96.191     2.9495     3.9102 1.06e-07 6.65e-09  120.19  100.43  100.54  270.00     2.4
   36.9     1043.195       99.238     2.9392     3.9102 1.06e-07 6.57e-09  120.19  100.42  100.56  269.99     2.4
   38.0     1044.312       99.756     2.9279     3.8476 1.06e-07 6.49e-09  120.18  100.43  100.55  270.00     2.4
   39.1     1045.416       96.041     2.9373     3.9102 1.06e-07 6.49e-09  120.18  100.43  100.55  269.99     2.4
   40.2     1046.495       94.201     2.9373     3.8476 1.06e-07 6.56e-09  120.18  100.43  100.55  269.99     2.4
   41.3     1047.572       97.557     2.9373     3.8476 1.06e-07 6.49e-09  120.18  100.43  100.55  270.00     2.4
   42.4     1048.658       95.653     2.9477     3.8789 1.06e-07 6.56e-09  120.18  100.42  100.54  270.00     2.4
   43.4     1049.722       97.887     2.9467     3.8789 1.06e-07 6.62e-09  120.18  100.42  100.56  270.01     2.4
   44.5     1050.811      100.703     2.9439     3.8789 1.06e-07 6.57e-09  120.18  100.42  100.54  270.00     2.0
   45.6     1051.894       96.117     2.9157     3.9102 1.06e-07 6.49e-09  120.18  100.43  100.54  269.99     2.0
   46.7     1052.968       97.709     2.9355     3.8789 1.06e-07 6.49e-09  120.19  100.42  100.54  269.99     2.0
   47.7     1054.025       97.268     2.9326     3.8789 1.06e-07 6.48e-09  120.19  100.43  100.57  270.00     2.0
   48.8     1055.108       92.982     2.9411     3.9102 1.06e-07 6.49e-09  120.19  100.43  100.55  270.00     2.0
   49.9     1056.199       98.124     2.9430     3.8789 1.06e-07 6.56e-09  120.19  100.43  100.55  270.01     2.0
   51.0     1057.313       95.905     2.9364     3.8789 1.06e-07 6.64e-09  120.19  100.43  100.54  270.00     2.0
   52.1     1058.413       95.359     2.9345     3.8476 1.06e-07 6.58e-09  120.19  100.42  100.56  269.99     2.0
   53.2     1059.496       96.731     2.9420     3.8789 1.06e-07 6.50e-09  120.19  100.42  100.55  269.99     2.0
   54.3     1060.578       99.128     2.9383     3.8789 1.06e-07 6.57e-09  120.19  100.42  100.55  269.99     2.0
   55.4     1061.665       97.441     2.9261     3.8789 1.06e-07 6.51e-09  120.19  100.43  100.54  270.01     2.0
   56.5     1062.761       98.686     2.9317     3.8476 1.06e-07 6.49e-09  120.19  100.43  100.55  270.02     2.0
   57.6     1063.868       98.228     2.9298     3.8476 1.06e-07 6.58e-09  120.19  100.43  100.53  270.00     2.0
   58.6     1064.927       98.496     2.9326     3.8476 1.06e-07 6.64e-09  120.18  100.43  100.56  269.99     2.0
   59.7     1066.003       97.108     2.9448     3.8476 1.06e-07 6.59e-09  120.18  100.43  100.55  269.99     2.0
    0.1     1265.463      107.677     2.4615     3.0030 1.16e-07 5.66e-09  126.65   99.69  100.00  270.01     3.2
    1.2     1266.590      105.127     2.4784     3.0030 1.16e-07 5.66e-09  126.65   99.70  100.00  270.01     3.2
    2.3     1267.692      103.616     2.4343     3.0030 1.16e-07 5.66e-09  126.65   99.70  100.00  270.00     3.2
    3.4     1268.771      102.171     2.4672     3.0030 1.17e-07 5.72e-09  126.65   99.70  100.00  270.00     3.2
    4.4     1269.832      109.824     2.3818     3.0030 1.16e-07 5.78e-09  126.64   99.70  100.00  269.99     3.2
    5.5     1270.924      105.262     2.4174     3.0343 1.16e-07 5.73e-09  126.64   99.70  100.00  270.00     3.2
    6.6     1272.006      104.935     2.4221     3.0030 1.16e-07 5.66e-09  126.64   99.70  100.01  270.00     3.2
    7.7     1273.093      106.523     2.4371     3.0030 1.16e-07 5.71e-09  126.65   99.70  100.00  270.00     3.2
    8.8     1274.171      103.321     2.4794     3.0343 1.16e-07 5.67e-09  126.64   99.70   99.99  270.00     3.2
    9.8     1275.254      109.792     2.4315     3.0656 1.16e-07 5.67e-09  126.64   99.70  100.00  270.00     3.2
   10.9     1276.321      104.267     2.4109     3.0030 1.16e-07 5.71e-09  126.65   99.70  100.00  269.99     3.2
   12.0     1277.395      108.260     2.4334     3.0343 1.16e-07 5.77e-09  126.65   99.70  100.01  269.99     3.2
   13.1     1278.484      107.908     2.4719     3.0343 1.16e-07 5.73e-09  126.65   99.69  100.01  270.00     3.2
   14.2     1279.596      103.919     2.4728     3.0343 1.16e-07 5.76e-09  126.65   99.69  100.00  270.01     3.2
   15.3     1280.703      103.281     2.4353     3.0343 1.16e-07 5.71e-09  126.65   99.70   99.99  270.01     3.2
   16.4     1281.771      105.509     2.4850     3.0343 1.16e-07 5.67e-09  126.65   99.70  100.00  269.99     3.2
   17.4     1282.857      102.010     2.4475     3.0030 1.16e-07 5.67e-09  126.65   99.69  100.00  269.99     3.2
   18.5     1283.921      103.980     2.4550     3.0656 1.16e-07 5.72e-09  126.65   99.70  100.00  269.99     3.2
   19.6     1284.998      101.711     2.4700     3.0343 1.16e-07 5.78e-09  126.65   99.70  100.00  270.00     3.2
   20.7     1286.082      106.101     2.4737     3.0656 1.16e-07 5.74e-09  126.65   99.70  100.00  270.01     3.2
   21.7     1287.158      109.201     2.4766     3.0030 1.16e-07 5.79e-09  126.65   99.70  100.00  270.02     3.2
   22.8     1288.227      103.463     2.4231     3.0030 1.16e-07 5.71e-09  126.65   99.70  100.00  270.00     3.2
   23.9     1289.312      102.187     2.3677     3.0343 1.16e-07 5.67e-09  126.65   99.69  100.01  269.99     3.2
   25.0     1290.393      100.890     2.4625     3.0656 1.16e-07 5.65e-09  126.65   99.70  100.00  270.00     3.2
   26.1     1291.479      104.639     2.4737     3.0343 1.16e-07 5.73e-09  126.65   99.69  100.00  270.00     3.2
   27.2     1292.597      104.541     2.4794     3.0030 1.16e-07 5.66e-09  126.65   99.69  100.00  269.99     3.2
   28.3     1293.698      104.664     2.4202     3.0030 1.16e-07 5.72e-09  126.65   99.69  100.00  270.00     3.2
   29.4     1294.779      105.824     2.4756     3.0343 1.16e-07 5.78e-09  126.65   99.69  100.00  269.99     3.2
   30.4     1295.851      103.138     2.4343     3.0656 1.16e-07 5.72e-09  126.64   99.69  100.00  270.00     3.2
   31.5     1296.914      102.976     2.4043     3.0030 1.16e-07 5.65e-09  126.65   99.70  100.00  270.00     3.2
   32.6     1297.997      105.592     2.4559     3.0030 1.16e-07 5.65e-09  126.65   99.70   99.99  269.99     3.2
   33.7     1299.091      109.829     2.4803     3.0030 1.16e-07 5.67e-09  126.65   99.69  100.00  269.99     3.2
   34.8     1300.163       99.631     2.4418     3.0343 1.16e-07 5.66e-09  126.65   99.70  100.00  269.99     3.2
   35.8     1301.229      103.757     2.3677     3.0656 1.16e-07 5.76e-09  126.65   99.70  100.00  270.01     3.2
   36.9     1302.316      103.210     2.3902     3.0030 1.16e-07 5.78e-09  126.65   99.70  100.00  270.01     3.2
   38.0     1303.396      105.681     2.4531     3.0030 1.16e-07 5.75e-09  126.65   99.70  100.00  270.01     3.2
   39.1     1304.487      107.181     2.3808     3.0343 1.16e-07 5.67e-09  126.65   99.70  100.00  269.99     3.2
   40.2     1305.603      107.103     2.4550     3.0656 1.16e-07 5.73e-09  126.65   99.70  100.00  269.99     3.2
   41.3     1306.711      105.271     2.4090     3.0030 1.16e-07 5.66e-09  126.65   99.70  100.00  269.99     3.2
   42.4     1307.790      103.217     2.4043     3.0656 1.16e-07 5.65e-09  126.65   99.69  100.00  270.00     3.2
   43.5     1308.868      104.634     2.4409     3.0030 1.16e-07 5.71e-09  126.65   99.69  100.00  270.00     3.2
   44.5     1309.924      100.929     2.4390     3.0343 1.16e-07 5.78e-09  126.65   99.70  100.00  270.00     3.2
   45.6     1311.004      105.698     2.4475     3.0030 1.16e-07 5.71e-09  126.65   99.69  100.00  269.99     3.2
   46.7     1312.097      106.817     2.4249     3.0343 1.16e-07 5.78e-09  126.65   99.70  100.00  269.99     3.2
   47.8     1313.175      105.463     2.3958     3.0343 1.16e-07 5.74e-09  126.65   99.69  100.00  269.99     3.2
   48.8     1314.254      106.971     2.4015     3.0030 1.16e-07 5.66e-09  126.65   99.69   99.99  270.00     3.2
   49.9     1315.317      106.162     2.4925     3.0656 1.16e-07 5.65e-09  126.64   99.69  100.01  270.01     3.2
   51.0     1316.398      108.680     2.4174     3.0030 1.16e-07 5.73e-09  126.65   99.70  100.00  270.00     3.2
   52.1     1317.480      106.891     2.4634     3.0030 1.16e-07 5.76e-09  126.65   99.70  100.00  270.00     3.2
   53.2     1318.605      104.182     2.4559     3.0343 1.16e-07 5.73e-09  126.65   99.70   99.99  270.00     3.2
   54.3     1319.715      104.536     2.5028     3.0343 1.16e-07 5.78e-09  126.65   99.70   99.99  270.00     3.2
   55.4     1320.798      106.548     2.4747     2.9717 1.16e-07 5.72e-09  126.65   99.70  100.01  269.99     2.8
   56.5     1321.880      106.188     2.4202     3.0030 1.16e-07 5.65e-09  126.65   99.70  100.01  270.00     2.8
   57.6     1322.963      106.773     2.4287     3.0343 1.16e-07 5.65e-09  126.65   99.69   99.99  270.01     2.8
   58.6     1324.021      105.947     2.4644     3.0030 1.16e-07 5.67e-09  126.65   99.69   99.99  270.01     2.8
   59.7     1325.109      108.526     2.3958     3.0343 1.16e-07 5.67e-09  126.65   99.69  100.00  269.99     2.8
    0.0     1517.774       90.073     2.4165     4.8173 1.16e-07 5.73e-09  127.01  107.02  100.00  269.99     4.4
    1.1     1518.855       89.234     2.4446     4.6609 1.16e-07 5.80e-09  127.01  107.01  100.00  269.99     4.4
    2.2     1519.920       96.431     2.4127     4.7548 1.16e-07 5.83e-09  127.01  107.02  100.00  269.99     4.4
    3.3     1520.997       91.295     2.5723     4.6297 1.16e-07 5.75e-09  127.01  107.01  100.00  269.99     4.8
    4.3     1522.083       90.860     2.4249     4.7235 1.16e-07 5.83e-09  127.00  107.01  100.00  270.00     4.8
    5.4     1523.170       86.809     2.4465     4.7235 1.16e-07 5.76e-09  127.01  107.00  100.00  270.01     4.8
    6.5     1524.260       95.486     2.4672     4.2543 1.16e-07 5.71e-09  127.01  107.00  100.00  270.00     4.8
    7.6     1525.325       89.736     2.5451     4.7861 1.16e-07 5.74e-09  127.02  107.00  100.00  270.00     4.8
    8.7     1526.425       84.046     2.5235     4.7548 1.16e-07 5.80e-09  127.01  107.01  100.00  269.99     4.8
    9.8     1527.571       93.585     2.4587     4.7548 1.16e-07 5.72e-09  127.01  107.01  100.01  269.99     4.8
   10.9     1528.666       94.738     2.4503     4.7235 1.16e-07 5.81e-09  127.01  107.01  100.00  270.00     4.8
   12.0     1529.754       90.560     2.5817     4.6609 1.16e-07 5.84e-09  127.01  107.01  100.00  270.01     4.8
   13.1     1530.821       96.561     2.4127     4.6922 1.16e-07 5.74e-09  127.01  107.02  100.00  270.01     4.8
   14.2     1531.900       92.342     2.4484     4.7235 1.16e-07 5.72e-09  127.01  107.02  100.00  270.00     4.8
   15.2     1532.980       92.702     2.4231     4.8486 1.16e-07 5.73e-09  127.01  107.02  100.00  269.99     4.8
   16.3     1534.067       93.004     2.4343     4.7548 1.16e-07 5.73e-09  127.01  107.02  100.00  269.99     4.8
   17.4     1535.124       89.234     2.4334     4.7548 1.16e-07 5.74e-09  127.01  107.01  100.00  269.99     4.8
   18.5     1536.204       90.650     2.5610     4.6297 1.16e-07 5.83e-09  127.01  107.01  100.00  270.00     4.8
   19.6     1537.290       88.159     2.5535     4.7235 1.16e-07 5.84e-09  127.01  107.01  100.00  270.00     4.8
   20.6     1538.365       94.728     2.4615     4.6609 1.16e-07 5.77e-09  127.01  107.01  100.01  270.01     4.8
   21.7     1539.480      105.241     2.4371     4.7235 1.16e-07 5.72e-09  127.01  107.01  100.00  270.00     4.8
   22.9     1540.601       96.886     2.4390     4.7548 1.16e-07 5.75e-09  127.01  107.01  100.00  269.99     4.8
   24.0     1541.689       90.917     2.4240     4.8173 1.16e-07 5.69e-09  127.01  107.01  100.00  269.99     4.8
   25.0     1542.763       95.105     2.4353     4.7548 1.16e-07 5.74e-09  127.01  107.01  100.00  270.01     4.8
   26.1     1543.827       86.388     2.5038     5.0363 1.16e-07 5.81e-09  127.01  107.01  100.00  270.01     4.8
   27.2     1544.911       94.459     2.4578     4.9738 1.16e-07 5.86e-09  127.01  107.01  100.00  270.01     4.8
   28.3     1545.989       90.161     2.4400     4.6609 1.16e-07 5.75e-09  127.01  107.02  100.00  269.99     4.8
   29.3     1547.068       92.366     2.4484     4.7548 1.16e-07 5.84e-09  127.01  107.02  100.00  269.99     4.8
   30.4     1548.151       92.233     2.3818     4.8173 1.16e-07 5.77e-09  127.01  107.02  100.00  269.99     4.8
   31.5     1549.231       90.509     2.5441     4.7548 1.16e-07 5.69e-09  127.01  107.02   99.99  270.01     4.8
   32.6     1550.319      109.712     2.5160     4.8799 1.16e-07 5.71e-09  127.01  107.02  100.00  270.01     4.8
   33.7     1551.403       90.983     2.4784     5.0363 1.16e-07 5.82e-09  127.01  107.01  100.00  270.01     4.8
   34.8     1552.526      104.923     2.5103     4.7235 1.16e-07 5.74e-09  127.01  107.01  100.00  270.00     4.8
   35.9     1553.654       88.338     2.4165     4.8799 1.16e-07 5.81e-09  127.01  107.01  100.00  269.99     4.8
   37.0     1554.719       93.903     2.4005     4.8173 1.16e-07 5.84e-09  127.01  107.01  100.00  269.99     4.8
   38.1     1555.795       93.345     2.5047     5.0050 1.16e-07 5.77e-09  127.02  107.01  100.00  269.99     4.8
   39.1     1556.874       92.378     2.4315     4.8486 1.16e-07 5.72e-09  127.01  107.01  100.00  269.99     4.8
   40.2     1557.958       92.475     2.3987     4.7548 1.16e-07 5.74e-09  127.02  107.01  100.01  270.00     4.8
   41.3     1559.022      118.366     2.5732     4.5984 1.16e-07 5.74e-09  127.02  107.01  100.00  270.00     4.8
   42.4     1560.102       93.224     2.4784     4.6922 1.16e-07 5.75e-09  127.01  107.01  100.00  270.00     4.8
   43.4     1561.184       95.476     2.4137     4.6922 1.16e-07 5.80e-09  127.01  107.01  100.01  269.99     4.8
   44.5     1562.263       96.466     2.4231     4.8173 1.16e-07 5.85e-09  127.01  107.01  100.00  269.99     4.8
   45.6     1563.326       91.087     2.5225     4.7548 1.16e-07 5.79e-09  127.01  107.01  100.00  270.01     4.8
   46.7     1564.408       93.524     2.4259     4.7548 1.16e-07 5.71e-09  127.01  107.02  100.00  270.01     4.8
   47.8     1565.521       88.854     2.4306     4.7861 1.16e-07 5.77e-09  127.01  107.02  100.00  270.00     4.8
   48.9     1566.655       95.705     2.4268     4.6609 1.16e-07 5.69e-09  127.01  107.02  100.00  269.99     4.8
   50.0     1567.726       98.393     2.4634     4.8486 1.16e-07 5.75e-09  127.01  107.02  100.00  270.00     4.8
   51.1     1568.797       93.252     2.4268     4.6609 1.16e-07 5.84e-09  127.01  107.02  100.00  270.00     4.8
   52.1     1569.872      110.224     2.4681     4.7548 1.16e-07 5.85e-09  127.01  107.01  100.00  270.00     4.8
   53.2     1570.952       93.460     2.4747     4.6922 1.16e-07 5.77e-09  127.01  107.01  100.00  269.99     4.8
   54.3     1572.009       97.025     2.4925     4.7548 1.16e-07 5.71e-09  127.01  107.01  100.00  269.99     4.8
   55.4     1573.101       95.940     2.6586     4.7861 1.16e-07 5.77e-09  127.01  107.01  100.00  270.00     4.8
   56.4     1574.175       95.516     2.4240     4.7235 1.16e-07 5.70e-09  127.01  107.01  100.00  270.00     4.8
   57.5     1575.257       93.656     2.4559     4.6609 1.16e-07 5.75e-09  127.01  107.01  100.00  270.00     4.8
   58.6     1576.321       93.588     2.4353     4.8486 1.16e-07 5.83e-09  127.01  107.01  100.00  269.99     4.8
   59.7     1577.396       90.492     2.4484     4.9425 1.16e-07 5.86e-09  127.01  107.01  100.00  269.99     4.8
    0.1     1802.958       97.504     2.9570     4.7235 1.11e-07 7.17e-09  117.44  107.01  100.00  269.99     2.8
    1.2     1804.068      100.027     2.9233     4.7548 1.11e-07 7.10e-09  117.44  107.01  100.00  270.00     2.8
    2.3     1805.153       95.411     2.9195     4.8486 1.11e-07 7.17e-09  117.44  107.01  100.00  269.99     2.8
    3.3     1806.214      104.095     2.9420     4.8173 1.11e-07 7.20e-09  117.45  107.01  100.01  270.00     2.8
    4.4     1807.293      105.946     2.9139     4.7548 1.11e-07 7.14e-09  117.45  107.01  100.00  270.01     2.8
    5.5     1808.372       97.978     2.9092     4.7861 1.11e-07 7.06e-09  117.44  107.01  100.01  269.99     2.8
    6.6     1809.453      102.020     2.9026     4.7861 1.11e-07 7.03e-09  117.44  107.01  100.00  269.99     2.8
    7.6     1810.514      104.960     2.9120     4.7548 1.11e-07 7.12e-09  117.44  107.01  100.00  270.00     2.8
    8.7     1811.598       97.240     2.9026     4.8173 1.11e-07 7.02e-09  117.44  107.01  100.00  270.01     2.8
    9.8     1812.677      104.262     2.9073     4.7548 1.11e-07 7.10e-09  117.44  107.01  100.00  270.00     2.8
   10.8     1813.734       99.057     2.9157     4.8173 1.11e-07 7.16e-09  117.44  107.01  100.00  269.99     2.8
   11.9     1814.818       99.620     2.8951     4.7861 1.11e-07 7.09e-09  117.44  107.02  100.00  269.99     2.8
   13.0     1815.926       98.311     2.9129     4.7861 1.10e-07 7.01e-09  117.43  107.02  100.01  269.99     2.8
   14.1     1817.029       96.000     2.9045     4.7548 1.11e-07 7.06e-09  117.43  107.02  100.01  270.01     2.8
   15.2     1818.108      101.858     2.9111     4.7548 1.11e-07 6.98e-09  117.43  107.01  100.00  270.00     2.8
   16.3     1819.179       99.326     2.9139     4.7548 1.10e-07 7.00e-09  117.44  107.01  100.00  270.00     2.8
   17.3     1820.234       99.880     2.9035     4.7861 1.11e-07 7.03e-09  117.44  107.01  100.00  270.00     2.8
   18.4     1821.317      106.078     2.9176     4.7861 1.11e-07 7.11e-09  117.43  107.01  100.00  269.99     2.8
   19.5     1822.398      104.164     2.9035     4.7861 1.10e-07 7.05e-09  117.43  107.01  100.00  270.00     2.8
   20.6     1823.477       99.131     2.8913     4.7235 1.10e-07 6.96e-09  117.44  107.01  100.00  270.00     2.8
   21.7     1824.556      100.411     2.9176     4.7861 1.10e-07 7.05e-09  117.44  107.01  100.00  270.01     2.8
   22.7     1825.613      107.509     2.8960     4.7548 1.10e-07 6.94e-09  117.44  107.01  100.00  270.01     2.8
   23.8     1826.692      100.551     2.9092     4.7235 1.10e-07 6.94e-09  117.44  107.01  100.01  270.00     2.8
   24.9     1827.767       98.338     2.9082     4.6922 1.10e-07 7.02e-09  117.44  107.01  100.00  269.99     2.8
   25.9     1828.832       99.961     2.9082     4.7548 1.10e-07 7.08e-09  117.44  107.01  100.00  269.99     2.8
   27.0     1829.927       98.598     2.9017     4.7548 1.10e-07 7.00e-09  117.44  107.01  100.00  270.00     2.8
   28.1     1831.015      100.541     2.8970     4.7235 1.10e-07 7.07e-09  117.44  107.02  100.00  270.01     3.2
   29.3     1832.165      104.753     2.8932     4.7548 1.10e-07 6.99e-09  117.44  107.01  100.00  270.01     3.2
   30.4     1833.262       97.841     2.8679     4.7861 1.10e-07 6.91e-09  117.44  107.01  100.00  270.00     3.2
   31.4     1834.321       99.064     2.8820     4.6922 1.10e-07 6.87e-09  117.44  107.02  100.00  269.99     3.2
   32.5     1835.392      102.279     2.8838     4.7548 1.10e-07 7.06e-09  117.44  107.02  100.00  269.99     3.2
   33.6     1836.477      106.261     2.8810     4.7548 1.10e-07 7.02e-09  117.44  107.01  100.00  270.00     3.2
   34.7     1837.565       94.272     2.8895     4.7548 1.10e-07 6.93e-09  117.44  107.01  100.00  270.00     3.2
   35.7     1838.621      100.971     2.8913     4.7548 1.10e-07 7.04e-09  117.44  107.01  100.00  270.00     3.2
   36.8     1839.694       97.612     2.8951     4.7235 1.10e-07 6.94e-09  117.44  107.01  100.00  270.00     3.2
   37.9     1840.771       98.007     2.9007     4.7861 1.10e-07 6.85e-09  117.44  107.01  100.00  269.99     3.2
   38.9     1841.828      105.601     2.8848     4.6922 1.10e-07 6.85e-09  117.44  107.01  100.00  269.99     3.2
   40.0     1842.913       99.722     2.8838     4.6922 1.10e-07 6.93e-09  117.44  107.01  100.00  270.00     3.2
   41.1     1843.992       93.445     2.9035     4.7548 1.10e-07 7.00e-09  117.44  107.01  100.00  270.01     3.2
   42.2     1845.107       95.803     2.8745     4.7235 1.10e-07 6.91e-09  117.44  107.01  100.00  270.00     3.2
   43.3     1846.221      101.885     2.9026     4.8173 1.10e-07 6.99e-09  117.44  107.01  100.01  269.99     3.2
   44.4     1847.324       95.771     2.8745     4.6922 1.10e-07 6.94e-09  117.44  107.01  100.00  269.99     3.2
   45.5     1848.402       98.935     2.8989     4.7861 1.10e-07 6.84e-09  117.44  107.01  100.00  269.99     3.2
   46.6     1849.484       96.743     2.8932     4.7548 1.10e-07 6.83e-09  117.44  107.01  100.00  270.00     3.2
   47.7     1850.565       91.708     2.9017     4.7235 1.10e-07 6.82e-09  117.44  107.01  100.00  270.01     3.2
   48.7     1851.634      101.323     2.8735     4.7861 1.10e-07 6.82e-09  117.44  107.01  100.00  270.00     3.2
   49.8     1852.712       96.294     2.8791     4.7861 1.10e-07 6.88e-09  117.44  107.01  100.00  270.00     3.2
   50.9     1853.789      101.311     2.8904     4.7235 1.10e-07 6.98e-09  117.44  107.01  100.00  269.99     3.2
   52.0     1854.868      106.002     2.8979     4.7548 1.10e-07 6.91e-09  117.44  107.02  100.00  269.99     3.2
   53.0     1855.931      102.752     2.8782     4.7548 1.10e-07 6.80e-09  117.44  107.02  100.00  270.00     3.2
   54.1     1857.008       98.645     2.8801     4.7235 1.10e-07 6.80e-09  117.44  107.02  100.00  270.01     3.2
   55.3     1858.151       96.424     2.8942     4.7548 1.10e-07 6.79e-09  117.44  107.01  100.00  270.00     3.2
   56.4     1859.262       94.954     2.9035     4.8173 1.10e-07 6.81e-09  117.44  107.01  100.00  269.99     3.2
   57.5     1860.356       96.397     2.8745     4.7548 1.10e-07 6.85e-09  117.44  107.01  100.00  269.99     2.8
   58.5     1861.423       95.725     2.8773     4.7235 1.10e-07 6.94e-09  117.44  107.02  100.01  269.99     2.8
   59.6     1862.514       96.557     2.8754     4.6922 1.10e-07 6.87e-09  117.44  107.01  100.00  270.00     2.8
    0.0     1991.362      113.061     2.8782     4.3481 1.10e-07 6.59e-09  121.77  107.01  105.06  270.00     2.4
    1.1     1992.425      112.869     2.8444     4.3481 1.10e-07 6.54e-09  121.77  107.01  105.06  270.00     2.4
    2.2     1993.505      114.600     2.8210     4.3794 1.10e-07 6.45e-09  121.77  107.01  105.07  269.99     2.4
    3.3     1994.592      115.615     2.8379     4.4107 1.10e-07 6.53e-09  121.76  107.01  105.06  269.99     2.4
    4.4     1995.674      114.860     2.8210     4.3794 1.10e-07 6.47e-09  121.76  107.01  105.07  269.99     2.4
    5.4     1996.734      119.766     2.8472     4.3794 1.10e-07 6.50e-09  121.77  107.01  105.06  270.00     2.4
    6.5     1997.813      118.651     2.8547     4.4107 1.10e-07 6.54e-09  121.77  107.01  105.06  270.01     2.4
    7.6     1998.891      115.837     2.8322     4.3481 1.10e-07 6.61e-09  121.77  107.01  105.06  270.00     2.4
    8.6     1999.970      116.014     2.8397     4.3794 1.10e-07 6.54e-09  121.77  107.01  105.06  269.99     2.4
    9.8     2001.101      112.967     2.8153     4.3794 1.10e-07 6.56e-09  121.77  107.01  105.07  269.99     2.4
   10.9     2002.204      114.644     2.8623     4.3794 1.10e-07 6.55e-09  121.77  107.02  105.06  269.99     2.4
   12.0     2003.278      115.372     2.8191     4.3794 1.10e-07 6.48e-09  121.77  107.01  105.06  270.01     2.4
   13.0     2004.361      112.594     2.8444     4.3794 1.10e-07 6.49e-09  121.77  107.01  105.06  270.01     2.4
   14.1     2005.424      119.181     2.8350     4.3794 1.10e-07 6.54e-09  121.77  107.01  105.06  270.00     2.4
   15.2     2006.506      116.889     2.8294     4.4107 1.10e-07 7.09e-09  121.77  107.01  105.06  269.99     2.4
   16.3     2007.604      120.109     2.8594     4.3481 1.10e-07 6.51e-09  121.77  107.01  105.06  269.99     2.4
   17.4     2008.703      116.190     2.8247     4.3481 1.10e-07 6.61e-09  121.77  107.01  105.06  270.00     2.4
   18.5     2009.783      114.463     2.8538     4.3794 1.10e-07 6.54e-09  121.77  107.01  105.06  270.01     2.4
   19.6     2010.871      118.939     2.8623     4.3794 1.10e-07 6.46e-09  121.77  107.02  105.06  269.99     2.4
   20.6     2011.927      112.999     2.8153     4.3481 1.10e-07 6.46e-09  121.77  107.01  105.06  269.99     2.4
   21.7     2013.031      116.095     2.8088     4.3481 1.10e-07 6.46e-09  121.77  107.02  105.06  270.00     2.4
   22.9     2014.182      117.637     2.8501     4.3794 1.10e-07 6.47e-09  121.76  107.01  105.06  270.00     2.4
   24.0     2015.293      115.067     2.8688     4.3481 1.10e-07 6.55e-09  121.76  107.01  105.06  270.00     2.4
   25.1     2016.371      117.005     2.8135     4.3794 1.10e-07 6.60e-09  121.76  107.02  105.06  270.00     2.4
   26.1     2017.430      105.582     2.8303     4.3794 1.10e-07 6.53e-09  121.76  107.01  105.06  270.00     2.4
   27.2     2018.510      117.076     2.8454     4.3481 1.10e-07 6.44e-09  121.77  107.01  105.06  270.00     2.4
   28.3     2019.588      112.996     2.8228     4.3481 1.10e-07 6.52e-09  121.77  107.01  105.06  270.00     2.4
   29.4     2020.677      117.285     2.8444     4.4107 1.10e-07 6.45e-09  121.77  107.01  105.07  269.99     2.4
   30.4     2021.755      119.128     2.8397     4.4107 1.10e-07 6.45e-09  121.77  107.01  105.06  269.99     2.4
   31.5     2022.818      116.529     2.8397     4.3794 1.10e-07 6.53e-09  121.77  107.01  105.07  270.00     2.4
   32.6     2023.903      114.017     2.7891     4.3794 1.10e-07 6.59e-09  121.77  107.01  105.06  270.00     2.4
   33.7     2024.972      115.341     2.8125     4.3794 1.10e-07 6.54e-09  121.77  107.01  105.06  270.01     2.4
   34.8     2026.090      116.912     2.8547     4.3794 1.10e-07 6.58e-09  121.77  107.01  105.06  270.00     2.4
   35.9     2027.198      114.928     2.8594     4.3794 1.10e-07 6.53e-09  121.77  107.01  105.06  269.99     2.4
   37.0     2028.298      118.397     2.8247     4.3794 1.10e-07 6.46e-09  121.77  107.01  105.06  270.00     2.4
   38.0     2029.368      121.293     2.8519     4.3481 1.10e-07 6.42e-09  121.77  107.01  105.06  270.00     2.4
   39.1     2030.428      113.375     2.8632     4.4107 1.10e-07 6.52e-09  121.77  107.01  105.07  270.01     2.4
   40.2     2031.512      114.236     2.8219     4.4107 1.10e-07 6.59e-09  121.77  107.01  105.06  269.99     2.4
   41.3     2032.599      110.518     2.8538     4.4107 1.10e-07 6.51e-09  121.77  107.01  105.06  269.99     2.4
   42.4     2033.690      103.328     2.8294     4.3794 1.10e-07 6.60e-09  121.77  107.01  105.06  269.99     2.4
   43.4     2034.765      117.834     2.8510     4.4107 1.10e-07 6.54e-09  121.77  107.02  105.06  270.01     2.4
   44.5     2035.832      119.839     2.8275     4.4107 1.10e-07 6.43e-09  121.77  107.01  105.06  270.00     2.4
   45.6     2036.915      116.519     2.8022     4.3794 1.10e-07 6.46e-09  121.77  107.02  105.06  270.00     2.4
   46.7     2037.987      108.273     2.8594     4.3794 1.10e-07 6.52e-09  121.77  107.01  105.07  269.99     2.4
   47.8     2039.111      113.530     2.8200     4.4107 1.10e-07 6.45e-09  121.77  107.01  105.07  269.99     2.4
   48.9     2040.230      111.942     2.8116     4.4107 1.10e-07 6.52e-09  121.77  107.01  105.06  270.00     2.4
   50.0     2041.319      117.980     2.8510     4.3794 1.10e-07 6.59e-09  121.77  107.01  105.06  270.01     2.4
   51.1     2042.396      113.969     2.8435     4.3794 1.10e-07 6.53e-09  121.77  107.01  105.06  270.01     2.4
   52.2     2043.472      111.992     2.8435     4.4107 1.10e-07 6.44e-09  121.77  107.01  105.06  270.00     2.4
   53.2     2044.533      116.837     2.8369     4.3794 1.10e-07 6.52e-09  121.77  107.01  105.06  269.99     2.4
   54.3     2045.620      112.829     2.8313     4.4107 1.10e-07 6.44e-09  121.77  107.01  105.06  269.99     2.4
   55.4     2046.705      117.674     2.8463     4.4107 1.10e-07 6.44e-09  121.77  107.00  105.06  270.00     2.4
   56.5     2047.777      115.730     2.8716     4.4107 1.10e-07 6.51e-09  121.77  107.01  105.06  270.01     2.4
   57.5     2048.855      111.719     2.8350     4.3794 1.10e-07 6.57e-09  121.77  107.02  105.06  270.01     2.4
   58.6     2049.919      116.395     2.8360     4.3794 1.10e-07 6.50e-09  121.77  107.01  105.06  270.00     2.4
   59.7     2051.000      115.827     2.8219     4.3481 1.10e-07 6.42e-09  121.77  107.01  105.06  269.99     2.4
    0.0     2183.821       36.634     2.3292     4.7235 1.14e-07 5.99e-09  117.01  107.02  108.29  270.00     1.6
    1.1     2184.894       38.883     2.3386     4.6609 1.14e-07 5.95e-09  117.00  107.01  108.29  269.99     1.6
    2.2     2185.967       35.714     2.3395     4.7548 1.14e-07 5.89e-09  117.01  107.01  108.29  270.01     1.6
    3.2     2187.031       34.642     2.3377     4.7235 1.14e-07 5.94e-09  117.01  107.01  108.29  270.01     1.6
    4.3     2188.121       38.053     2.3198     4.6922 1.14e-07 5.88e-09  117.01  107.01  108.29  270.00     1.6
    5.4     2189.234       35.684     2.3405     4.6922 1.14e-07 5.89e-09  117.01  107.01  108.29  270.00     1.6
    6.6     2190.420       38.165     2.3264     4.6609 1.14e-07 5.94e-09  117.01  107.01  108.29  269.99     1.6
    7.7     2191.507       37.115     2.3264     4.6609 1.14e-07 6.02e-09  117.02  107.01  108.29  270.00     1.6
    8.8     2192.593       37.692     2.3161     4.6609 1.14e-07 5.95e-09  117.01  107.01  108.29  270.00     1.6
    9.9     2193.677       39.896     2.3245     4.7235 1.15e-07 6.02e-09  117.02  107.01  108.29  270.00     1.6
   10.9     2194.733       39.050     2.3180     4.7235 1.14e-07 5.95e-09  117.02  107.01  108.29  270.00     1.6
   12.0     2195.820       37.534     2.3123     4.6922 1.14e-07 5.89e-09  117.02  107.01  108.29  269.99     1.6
   13.1     2196.897       34.998     2.3386     4.7235 1.15e-07 5.90e-09  117.01  107.02  108.29  270.00     1.6
   14.2     2197.970       38.346     2.3405     4.7548 1.14e-07 5.96e-09  117.01  107.02  108.29  270.01     1.6
   15.3     2199.061       34.872     2.3292     4.6922 1.14e-07 5.90e-09  117.01  107.02  108.29  270.01     1.6
   16.3     2200.128       35.149     2.3123     4.6609 1.14e-07 5.96e-09  117.01  107.01  108.29  270.00     1.6
   17.5     2201.262       37.316     2.3386     4.7235 1.14e-07 6.02e-09  117.01  107.01  108.29  269.99     1.6
   18.6     2202.388       38.912     2.3405     4.6922 1.14e-07 5.95e-09  117.01  107.01  108.29  269.99     1.6
   19.7     2203.466       38.464     2.3348     4.5984 1.14e-07 5.88e-09  117.01  107.01  108.29  270.00     1.6
   20.7     2204.520       36.845     2.3358     4.7235 1.14e-07 5.95e-09  117.01  107.01  108.29  270.01     1.6
   21.8     2205.600       39.315     2.3330     4.6922 1.14e-07 5.87e-09  117.01  107.01  108.29  270.00     1.6
   22.9     2206.672       34.441     2.3170     4.6922 1.14e-07 5.89e-09  117.01  107.01  108.29  270.00     1.6
   23.9     2207.731       36.448     2.3104     4.6297 1.14e-07 5.97e-09  117.01  107.01  108.29  269.99     1.6
   25.0     2208.827       37.717     2.3311     4.6922 1.14e-07 6.02e-09  117.01  107.01  108.29  269.99     1.6
   26.1     2209.924       36.846     2.3386     4.6922 1.14e-07 5.95e-09  117.01  107.01  108.29  270.00     1.6
   27.2     2211.000       34.312     2.3330     4.6297 1.14e-07 5.89e-09  117.01  107.01  108.29  270.01     1.2
   28.3     2212.082       36.996     2.3142     4.7235 1.14e-07 5.96e-09  117.01  107.02  108.29  270.02     1.2
   29.4     2213.168       35.793     2.3367     4.7235 1.15e-07 5.89e-09  117.01  107.02  108.29  269.99     1.2
   30.5     2214.279       39.364     2.3302     4.6922 1.14e-07 5.89e-09  117.01  107.01  108.29  269.99     1.2
   31.6     2215.397       36.737     2.3330     4.6609 1.14e-07 5.94e-09  117.02  107.01  108.29  269.99     1.2
   32.7     2216.479       39.363     2.3208     4.7235 1.14e-07 6.02e-09  117.01  107.02  108.29  269.99     1.2
   33.8     2217.555       38.107     2.3292     4.6609 1.14e-07 5.96e-09  117.02  107.01  108.29  270.00     1.2
   34.8     2218.613       37.718     2.3273     4.7548 1.14e-07 6.02e-09  117.01  107.01  108.29  270.01     1.2
   35.9     2219.688       40.019     2.3330     4.6609 1.14e-07 5.97e-09  117.01  107.01  108.29  270.00     1.2
   37.0     2220.763       38.090     2.3255     4.6922 1.14e-07 5.88e-09  117.01  107.02  108.29  269.99     1.6
   38.0     2221.831       37.546     2.3226     4.7548 1.14e-07 5.88e-09  117.01  107.01  108.29  269.99     1.6
   39.1     2222.912       35.992     2.3095     4.6922 1.14e-07 5.96e-09  117.01  107.01  108.29  269.99     1.6
   40.2     2223.992       37.178     2.3208     4.6922 1.14e-07 6.01e-09  117.01  107.01  108.29  270.01     1.6
   41.3     2225.074       37.792     2.3142     4.7235 1.14e-07 5.96e-09  117.01  107.01  108.29  270.01     1.6
   42.3     2226.132       37.739     2.3226     4.7861 1.14e-07 6.02e-09  117.01  107.01  108.29  270.00     1.6
   43.5     2227.269       35.221     2.3236     4.7548 1.14e-07 5.97e-09  117.01  107.01  108.29  269.99     1.6
   44.6     2228.382       38.375     2.3217     4.6609 1.14e-07 5.90e-09  117.01  107.01  108.29  269.99     1.6
   45.7     2229.474       36.764     2.3095     4.7235 1.14e-07 5.90e-09  117.01  107.01  108.29  269.99     1.6
   46.8     2230.565       36.000     2.3020     4.7548 1.14e-07 5.89e-09  117.01  107.01  108.29  270.01     1.6
   47.8     2231.629       37.287     2.3104     4.6609 1.14e-07 5.90e-09  117.01  107.01  108.29  270.00     1.6
   48.9     2232.708       36.077     2.3255     4.8173 1.14e-07 5.95e-09  117.01  107.01  108.29  270.00     1.6
   50.0     2233.783       37.903     2.3076     4.7548 1.14e-07 6.02e-09  117.01  107.02  108.29  269.99     1.6
   51.1     2234.868       36.576     2.3264     4.6922 1.14e-07 5.96e-09  117.01  107.01  108.29  269.99     1.6
   52.2     2235.953       34.551     2.3114     4.6297 1.15e-07 5.90e-09  117.01  107.01  108.29  269.99     1.6
   53.2     2237.014       37.058     2.3114     4.6922 1.14e-07 5.89e-09  117.01  107.01  108.29  270.00     1.6
   54.3     2238.101       36.786     2.3245     4.7235 1.14e-07 5.89e-09  117.01  107.01  108.29  270.01     1.6
   55.4     2239.179       36.423     2.3180     4.6922 1.14e-07 5.91e-09  117.01  107.02  108.29  270.00     1.6
   56.5     2240.305       39.490     2.3292     4.6922 1.15e-07 5.97e-09  117.01  107.01  108.29  270.00     1.6
   57.6     2241.415       35.220     2.3161     4.6297 1.14e-07 6.02e-09  117.01  107.01  108.29  269.99     1.6
   58.7     2242.495       34.453     2.3442     4.5984 1.14e-07 5.96e-09  117.01  107.01  108.29  269.99     1.6
   59.8     2243.574       38.666     2.3048     4.5984 1.14e-07 6.00e-09  117.01  107.01  108.29  270.00     1.6
    0.0     2536.604      112.312     2.8285     4.0979 1.09e-07 6.32e-09  126.95  107.01  106.53  269.99     2.8
    1.1     2537.681      114.717     2.8313     4.1917 1.09e-07 6.41e-09  126.95  107.01  106.53  269.99     2.8
    2.2     2538.760      112.527     2.8416     4.2230 1.09e-07 6.43e-09  126.95  107.01  106.52  270.00     2.8
    3.3     2539.828      114.539     2.8285     4.2856 1.09e-07 6.37e-09  126.94  107.01  106.52  269.99     2.8
    4.3     2540.917      113.465     2.8369     4.1917 1.09e-07 6.28e-09  126.94  107.02  106.52  270.00     2.8
    5.4     2541.992      111.391     2.8303     4.2230 1.09e-07 6.31e-09  126.94  107.02  106.52  270.00     2.8
    6.6     2543.129      112.508     2.8379     4.1292 1.09e-07 6.29e-09  126.94  107.02  106.52  270.00     2.8
    7.7     2544.269      114.065     2.8407     4.1292 1.09e-07 6.33e-09  126.95  107.01  106.53  269.99     2.8
    8.8     2545.334      113.040     2.8379     4.1604 1.09e-07 6.39e-09  126.95  107.01  106.53  270.00     2.8
    9.8     2546.412      112.598     2.8191     4.1917 1.09e-07 6.42e-09  126.95  107.01  106.53  270.01     2.8
   10.9     2547.495      114.771     2.8285     4.0979 1.09e-07 6.34e-09  126.95  107.01  106.52  270.01     2.8
   12.0     2548.577      112.435     2.8332     4.1292 1.09e-07 6.44e-09  126.96  107.01  106.52  269.99     2.8
   13.1     2549.659      115.029     2.8350     4.2230 1.09e-07 6.36e-09  126.95  107.01  106.52  269.99     2.8
   14.1     2550.715      114.624     2.8360     4.0666 1.09e-07 6.29e-09  126.96  107.01  106.52  269.99     2.8
   15.2     2551.789      114.905     2.8275     4.1604 1.09e-07 6.32e-09  126.96  107.01  106.53  270.00     2.8
   16.3     2552.865      114.146     2.8510     4.2230 1.09e-07 6.36e-09  126.96  107.01  106.53  269.99     2.8
   17.4     2553.928      114.475     2.8313     4.1292 1.09e-07 6.44e-09  126.96  107.02  106.53  269.99     2.8
   18.4     2555.010      115.473     2.8200     4.1292 1.09e-07 6.35e-09  126.96  107.01  106.52  270.01     2.8
   19.5     2556.091      113.689     2.8275     4.2543 1.09e-07 6.43e-09  126.95  107.01  106.52  269.99     2.8
   20.6     2557.170      113.434     2.8379     4.2230 1.09e-07 6.37e-09  126.95  107.01  106.52  270.00     2.8
   21.7     2558.233      111.276     2.8454     4.1604 1.09e-07 6.28e-09  126.96  107.02  106.52  269.99     2.8
   22.7     2559.316      115.915     2.8285     4.1604 1.09e-07 6.32e-09  126.95  107.01  106.52  269.99     2.8
   23.8     2560.394      112.864     2.8360     4.0979 1.09e-07 6.40e-09  126.95  107.02  106.53  270.01     2.8
   24.9     2561.474      112.973     2.8116     4.0979 1.09e-07 6.51e-09  126.95  107.01  106.53  270.01     2.8
   26.0     2562.575      114.927     2.8519     4.2230 1.09e-07 6.40e-09  126.95  107.01  106.53  270.00     2.8
   27.1     2563.695      113.028     2.8266     4.1917 1.09e-07 6.46e-09  126.95  107.01  106.52  269.99     2.8
   28.2     2564.792      113.286     2.8360     4.2230 1.09e-07 6.36e-09  126.94  107.01  106.52  269.99     2.8
   29.3     2565.868      114.243     2.8191     4.1292 1.09e-07 6.30e-09  126.95  107.01  106.52  270.00     2.8
   30.4     2566.931      115.254     2.8303     4.0979 1.09e-07 6.34e-09  126.95  107.01  106.52  270.00     2.8
   31.4     2568.008      112.589     2.8379     4.1604 1.09e-07 6.39e-09  126.95  107.01  106.53  270.00     2.8
   32.5     2569.099      112.204     2.8313     4.2230 1.09e-07 6.33e-09  126.95  107.01  106.53  270.00     2.8
   33.6     2570.183      110.130     2.8501     4.1292 1.09e-07 6.44e-09  126.95  107.01  106.52  269.99     2.8
   34.7     2571.268      113.565     2.8529     4.1292 1.09e-07 6.44e-09  126.95  107.02  106.53  269.99     2.8
   35.8     2572.329      115.171     2.8135     4.2230 1.09e-07 6.37e-09  126.96  107.01  106.53  269.99     2.8
   36.8     2573.402      113.593     2.8088     4.1917 1.09e-07 6.28e-09  126.95  107.02  106.52  270.00     2.8
   37.9     2574.474      112.153     2.8125     4.1292 1.09e-07 6.30e-09  126.96  107.02  106.52  270.00     2.8
   39.0     2575.573      114.835     2.8238     4.1917 1.09e-07 6.30e-09  126.96  107.01  106.52  270.01     2.8
   40.1     2576.671      113.120     2.8303     4.1292 1.09e-07 6.32e-09  126.95  107.01  106.52  270.00     2.8
   41.2     2577.734      113.213     2.8285     4.0979 1.09e-07 6.41e-09  126.95  107.01  106.52  269.99     2.8
   42.2     2578.811      113.438     2.8491     4.1917 1.09e-07 6.44e-09  126.95  107.01  106.53  269.99     2.8
   43.3     2579.900      111.610     2.8388     4.1292 1.09e-07 6.36e-09  126.95  107.01  106.52  270.00     2.8
   44.4     2580.980      111.756     2.8388     4.1917 1.09e-07 6.30e-09  126.95  107.01  106.53  269.99     2.8
   45.5     2582.097      113.177     2.8275     4.1604 1.09e-07 6.37e-09  126.95  107.01  106.53  270.00     2.8
   46.6     2583.225      113.725     2.8172     4.0979 1.09e-07 6.30e-09  126.95  107.01  106.52  270.00     2.8
   47.7     2584.325      110.902     2.8350     4.1917 1.09e-07 6.31e-09  126.95  107.01  106.52  270.00     2.8
   48.8     2585.401      113.242     2.8463     4.1604 1.09e-07 6.38e-09  126.95  107.01  106.53  270.00     2.8
   49.9     2586.497      112.422     2.8313     4.1292 1.09e-07 6.48e-09  126.95  107.01  106.52  270.00     2.8
   51.0     2587.578      111.577     2.8266     4.1604 1.09e-07 6.42e-09  126.95  107.01  106.52  269.99     2.8
   52.1     2588.660      116.221     2.8285     4.1292 1.09e-07 6.44e-09  126.95  107.00  106.52  270.00     2.8
   53.1     2589.722      114.390     2.8444     4.1292 1.09e-07 6.38e-09  126.95  107.01  106.52  269.99     2.8
   54.2     2590.804      111.078     2.8538     4.2230 1.09e-07 6.30e-09  126.95  107.02  106.53  270.00     2.8
   55.3     2591.879      111.431     2.8191     4.2230 1.09e-07 6.32e-09  126.95  107.01  106.52  270.00     2.8
   56.4     2592.962      110.706     2.8275     4.1917 1.09e-07 6.39e-09  126.95  107.01  106.53  270.01     2.8
   57.5     2594.060      114.390     2.8247     4.1292 1.09e-07 6.32e-09  126.95  107.01  106.53  270.00     2.8
   58.6     2595.177      111.594     2.8219     4.1604 1.09e-07 6.40e-09  126.95  107.01  106.52  269.99     2.8
   59.7     2596.300      113.123     2.8210     4.1604 1.09e-07 6.41e-09  126.96  107.01  106.52  269.99     2.8
    0.0     2831.867       52.038     2.5751     3.2220 1.08e-07 6.31e-09  117.00   97.01  103.53  270.00     1.2
    1.1     2832.926       52.890     2.5948     3.1907 1.08e-07 6.38e-09  117.00   97.01  103.54  270.00     1.2
    2.2     2834.005       53.191     2.5976     3.2220 1.08e-07 6.41e-09  117.00   97.01  103.54  270.00     1.2
    3.3     2835.094       52.723     2.5901     3.2220 1.08e-07 6.38e-09  117.00   97.01  103.54  269.99     1.2
    4.3     2836.166       51.971     2.6042     3.1907 1.08e-07 6.41e-09  117.00   97.01  103.54  270.00     1.2
    5.4     2837.228       53.484     2.5807     3.2533 1.08e-07 6.32e-09  117.00   97.01  103.54  269.99     1.2
    6.5     2838.314       52.872     2.5901     3.1907 1.08e-07 6.28e-09  117.00   97.01  103.53  270.01     1.2
    7.6     2839.398       52.097     2.5929     3.1907 1.08e-07 6.34e-09  117.00   97.01  103.54  270.00     1.2
    8.7     2840.497       51.568     2.5910     3.1907 1.08e-07 6.36e-09  117.00   97.01  103.54  269.99     1.2
    9.8     2841.616       52.518     2.5957     3.2220 1.08e-07 6.32e-09  117.02   97.01  103.54  270.00     1.2
   10.9     2842.721       52.622     2.5939     3.2220 1.08e-07 6.39e-09  117.01   97.01  103.54  269.99     1.2
   12.0     2843.797       52.451     2.5976     3.2220 1.08e-07 6.44e-09  117.01   97.01  103.54  270.00     1.2
   13.1     2844.881       52.857     2.5657     3.2220 1.08e-07 6.32e-09  117.02   97.01  103.53  270.00     1.2
   14.1     2845.959       52.269     2.5864     3.2220 1.08e-07 6.26e-09  117.02   97.02  103.53  270.00     1.2
   15.2     2847.025       52.687     2.5742     3.1907 1.08e-07 6.32e-09  117.01   97.01  103.54  269.99     1.2
   16.3     2848.114       52.961     2.5929     3.1907 1.08e-07 6.26e-09  117.02   97.01  103.54  269.99     1.2
   17.4     2849.191       52.147     2.5704     3.1907 1.08e-07 6.30e-09  117.03   97.01  103.54  269.99     1.2
   18.4     2850.266       52.569     2.5995     3.2533 1.08e-07 6.39e-09  117.02   97.01  103.54  270.00     1.6
   19.5     2851.331       51.773     2.5732     3.1907 1.08e-07 6.41e-09  117.02   97.01  103.54  270.01     1.6
   20.6     2852.411       55.507     2.5892     3.1907 1.08e-07 6.32e-09  117.00   97.01  103.54  270.00     1.6
   21.7     2853.516       52.705     2.5948     3.2220 1.08e-07 6.39e-09  117.01   97.01  103.54  269.99     1.6
   22.8     2854.654       52.605     2.5939     3.2220 1.08e-07 6.31e-09  117.02   97.01  103.54  269.99     1.6
   23.9     2855.753       52.432     2.5957     3.2220 1.08e-07 6.27e-09  117.01   97.01  103.54  269.99     1.6
   25.0     2856.816       51.801     2.5873     3.1907 1.08e-07 6.29e-09  117.01   97.01  103.54  269.99     1.6
   26.1     2857.896       54.755     2.5967     3.1907 1.08e-07 6.37e-09  117.01   97.01  103.54  270.00     1.6
   27.1     2858.962       52.214     2.6173     3.1907 1.08e-07 6.39e-09  117.01   97.02  103.54  270.00     1.6
   28.2     2860.017       53.015     2.5976     3.1907 1.08e-07 6.30e-09  117.00   97.01  103.54  270.00     1.2
   29.3     2861.101       51.526     2.5986     3.1907 1.08e-07 6.39e-09  117.01   97.01  103.54  270.00     1.2
   30.4     2862.183       51.034     2.6136     3.1907 1.08e-07 6.31e-09  117.01   97.01  103.54  270.00     1.2
   31.4     2863.262       52.033     2.6098     3.1594 1.08e-07 6.25e-09  117.02   97.01  103.54  270.00     1.2
   32.5     2864.329       52.736     2.5666     3.1594 1.08e-07 6.29e-09  117.01   97.01  103.54  269.99     1.2
   33.6     2865.408       53.866     2.6042     3.1907 1.08e-07 6.36e-09  117.01   97.01  103.54  270.00     1.2
   34.7     2866.518       52.410     2.5901     3.1907 1.08e-07 6.28e-09  117.01   97.01  103.54  270.00     1.2
   35.8     2867.636       53.276     2.6136     3.1907 1.08e-07 6.37e-09  117.01   97.01  103.54  270.00     1.2
   36.9     2868.735       52.488     2.5967     3.1594 1.08e-07 6.40e-09  117.01   97.01  103.54  269.99     1.2
   38.0     2869.811       52.544     2.6023     3.1907 1.08e-07 6.30e-09  117.01   97.01  103.54  269.99     1.2
   39.1     2870.894       51.571     2.5873     3.2220 1.08e-07 6.25e-09  117.02   97.01  103.54  269.99     1.6
   40.1     2871.975       52.313     2.5929     3.1907 1.08e-07 6.29e-09  117.02   97.01  103.54  269.99     1.6
   41.2     2873.032       52.304     2.5864     3.1907 1.08e-07 6.24e-09  117.02   97.01  103.54  270.00     1.6
   42.3     2874.120       51.995     2.5967     3.1594 1.08e-07 6.28e-09  117.02   97.01  103.53  270.01     1.6
   43.4     2875.202       52.831     2.6108     3.1907 1.08e-07 6.36e-09  117.01   97.01  103.54  270.00     1.6
   44.5     2876.278       53.280     2.5892     3.1907 1.08e-07 6.38e-09  117.01   97.01  103.54  269.99     1.6
   45.5     2877.364       52.039     2.6014     3.1594 1.08e-07 6.30e-09  117.01   97.01  103.54  269.99     1.6
   46.6     2878.425       54.397     2.5807     3.2220 1.08e-07 6.24e-09  117.01   97.01  103.54  269.99     1.6
   47.7     2879.532       51.683     2.5910     3.2220 1.08e-07 6.32e-09  117.01   97.01  103.54  270.00     1.6
   48.8     2880.673       52.969     2.6014     3.1907 1.08e-07 6.25e-09  117.01   97.01  103.54  270.00     1.2
   49.9     2881.772       51.041     2.6023     3.1907 1.08e-07 6.28e-09  117.01   97.01  103.54  270.00     1.2
   51.0     2882.833       53.173     2.6098     3.1907 1.08e-07 6.36e-09  117.01   97.01  103.54  270.00     1.2
   52.1     2883.919       52.250     2.5648     3.1907 1.08e-07 6.40e-09  117.02   97.01  103.54  270.00     1.2
   53.2     2885.003       51.606     2.5939     3.1594 1.08e-07 6.30e-09  117.01   97.01  103.54  269.99     1.2
   54.3     2886.089       53.949     2.5882     3.1907 1.08e-07 6.39e-09  117.01   97.01  103.54  270.00     1.2
   55.3     2887.160       53.495     2.5892     3.1907 1.08e-07 6.29e-09  117.01   97.01  103.54  270.01     1.2
   56.4     2888.216       53.225     2.5826     3.1907 1.08e-07 6.26e-09  117.01   97.01  103.54  269.99     1.2
   57.5     2889.291       53.510     2.5835     3.1907 1.08e-07 6.28e-09  117.01   97.01  103.54  269.99     1.2
   58.5     2890.360       51.084     2.5788     3.1594 1.08e-07 6.35e-09  117.01   97.01  103.53  270.00     1.6
   59.6     2891.433       52.326     2.5779     3.1907 1.08e-07 6.38e-09  117.01   97.01  103.54  270.00     1.6
    0.0     3142.509      137.506     2.9552     4.6609 1.08e-07 6.50e-09  125.30  102.98  103.96  269.99     2.4
    1.1     3143.592      136.796     2.9589     4.8173 1.08e-07 6.62e-09  125.30  102.98  103.96  270.00     2.4
    2.2     3144.672      133.505     2.9411     4.6922 1.08e-07 6.51e-09  125.30  102.98  103.96  270.00     2.4
    3.2     3145.735      139.296     2.9636     4.6609 1.08e-07 6.51e-09  125.30  102.99  103.96  270.00     2.4
    4.3     3146.812      141.712     2.9542     4.8486 1.08e-07 6.54e-09  125.30  102.98  103.96  270.00     2.4
    5.4     3147.909      137.643     2.9430     4.7548 1.08e-07 6.59e-09  125.30  102.98  103.96  270.00     2.4
    6.5     3149.026      137.865     2.9345     4.7548 1.08e-07 6.57e-09  125.30  102.99  103.96  269.99     2.4
    7.7     3150.156      139.920     2.9195     4.6922 1.08e-07 6.63e-09  125.30  102.99  103.97  270.00     2.4
    8.7     3151.223      138.328     2.9589     4.7861 1.08e-07 6.56e-09  125.30  102.99  103.97  269.99     2.4
    9.8     3152.309      139.011     2.9570     4.6922 1.08e-07 6.48e-09  125.30  102.99  103.96  270.00     2.4
   10.9     3153.384      134.055     2.9261     4.8173 1.08e-07 6.51e-09  125.31  102.99  103.96  270.01     2.4
   12.0     3154.462      140.281     2.9542     4.7548 1.08e-07 6.59e-09  125.30  102.99  103.96  270.00     2.4
   13.0     3155.517      137.114     2.9599     4.7235 1.08e-07 6.64e-09  125.31  102.98  103.96  270.00     2.4
   14.1     3156.591      134.546     2.9561     4.7548 1.08e-07 6.53e-09  125.31  102.98  103.96  270.00     2.4
   15.2     3157.685      135.522     2.9580     4.6922 1.08e-07 6.65e-09  125.31  102.98  103.96  269.99     2.4
   16.3     3158.771      140.103     2.9636     4.8486 1.08e-07 6.61e-09  125.31  102.99  103.97  269.99     2.4
   17.3     3159.832      139.580     2.9486     4.6297 1.08e-07 6.54e-09  125.31  102.99  103.96  270.00     2.4
   18.4     3160.925      135.403     2.9486     4.6609 1.08e-07 6.50e-09  125.31  102.98  103.97  270.00     2.4
   19.6     3162.066      138.260     2.9233     4.5984 1.08e-07 6.46e-09  125.30  102.99  103.96  269.99     2.4
   20.7     3163.171      137.640     2.9111     4.6922 1.07e-07 6.48e-09  125.31  102.99  103.96  270.00     2.4
   21.7     3164.228      138.797     2.9120     4.6922 1.08e-07 6.58e-09  125.30  102.99  103.96  270.00     2.4
   22.8     3165.308      136.540     2.9523     4.7548 1.08e-07 6.62e-09  125.30  102.99  103.96  270.00     2.4
   23.9     3166.392      137.456     2.9542     4.6922 1.08e-07 6.55e-09  125.30  102.99  103.97  270.00     2.4
   25.0     3167.472      138.163     2.9308     4.6609 1.08e-07 6.47e-09  125.30  102.99  103.97  270.00     2.4
   26.0     3168.528      136.201     2.9439     4.7548 1.08e-07 6.60e-09  125.30  102.99  103.96  270.00     2.4
   27.1     3169.611      135.889     2.9345     4.6609 1.08e-07 6.48e-09  125.30  102.98  103.96  270.00     2.4
   28.2     3170.696      141.949     2.9355     4.7235 1.08e-07 6.49e-09  125.30  102.99  103.96  270.00     2.8
   29.3     3171.777      137.452     2.9233     4.7548 1.08e-07 6.56e-09  125.30  102.98  103.96  269.99     2.8
   30.4     3172.868      129.003     2.9552     4.7548 1.08e-07 6.61e-09  125.30  102.98  103.96  270.00     2.8
   31.5     3173.967      132.859     2.9411     4.6609 1.08e-07 6.54e-09  125.30  102.98  103.97  270.01     2.8
   32.6     3175.096      136.494     2.9430     4.5984 1.08e-07 6.61e-09  125.30  102.98  103.97  269.99     2.8
   33.7     3176.193      140.559     2.9308     4.7235 1.08e-07 6.54e-09  125.30  102.99  103.97  270.00     2.8
   34.8     3177.274      136.663     2.9570     4.7235 1.08e-07 6.49e-09  125.30  102.99  103.96  269.99     2.8
   35.8     3178.335      135.209     2.9599     4.7235 1.08e-07 6.50e-09  125.30  102.99  103.96  269.99     2.8
   36.9     3179.408      138.221     2.9195     4.7235 1.08e-07 6.56e-09  125.31  102.99  103.96  270.00     2.8
   38.0     3180.485      140.917     2.9448     4.6609 1.08e-07 6.62e-09  125.31  102.99  103.96  270.00     2.4
   39.1     3181.568      133.892     2.9233     4.5984 1.08e-07 6.54e-09  125.31  102.98  103.96  270.01     2.4
   40.1     3182.624      139.124     2.9345     4.5984 1.08e-07 6.63e-09  125.31  102.99  103.96  269.99     2.4
   41.2     3183.702      136.969     2.9608     4.6922 1.08e-07 6.54e-09  125.31  102.99  103.97  269.99     2.4
   42.3     3184.782      138.524     2.9458     4.6297 1.08e-07 6.47e-09  125.31  102.99  103.96  269.99     2.4
   43.4     3185.865      134.319     2.9261     4.6922 1.08e-07 6.49e-09  125.30  102.99  103.96  270.00     2.4
   44.5     3186.935      136.622     2.9345     4.6922 1.08e-07 6.57e-09  125.31  102.99  103.96  270.00     2.4
   45.6     3188.080      138.524     2.9467     4.6922 1.08e-07 6.48e-09  125.31  102.99  103.97  270.00     2.4
   46.7     3189.181      137.461     2.9570     4.7548 1.08e-07 6.60e-09  125.31  102.98  103.96  270.00     2.4
   47.8     3190.266      136.721     2.9279     4.6922 1.08e-07 6.62e-09  125.30  102.99  103.96  269.99     2.4
   48.8     3191.324      139.275     2.9430     4.7548 1.08e-07 6.54e-09  125.30  102.99  103.97  270.00     2.4
   49.9     3192.396      136.141     2.9383     4.6609 1.08e-07 6.46e-09  125.30  102.98  103.97  270.00     2.4
   51.0     3193.466      138.986     2.9064     4.6609 1.08e-07 6.49e-09  125.30  102.99  103.96  270.00     2.4
   52.0     3194.523      135.698     2.9317     4.6609 1.08e-07 6.49e-09  125.30  102.99  103.96  270.00     2.4
   53.1     3195.610      142.083     2.9730     4.6297 1.08e-07 6.49e-09  125.30  102.99  103.96  269.99     2.4
   54.2     3196.698      135.445     2.9439     4.7548 1.08e-07 6.58e-09  125.31  102.99  103.97  270.00     2.4
   55.3     3197.779      133.274     2.9627     4.6297 1.08e-07 6.62e-09  125.30  102.98  103.97  270.00     2.4
   56.4     3198.868      140.969     2.9251     4.6609 1.08e-07 6.57e-09  125.30  102.99  103.96  270.01     2.4
   57.5     3199.951      138.110     2.9364     4.7548 1.08e-07 6.47e-09  125.31  102.99  103.97  270.00     2.4
   58.6     3201.077      141.081     2.9589     4.7861 1.08e-07 6.55e-09  125.31  102.98  103.96  269.99     2.4
   59.7     3202.192      134.878     2.9467     4.5984 1.08e-07 6.49e-09  125.30  102.99  103.97  269.99     2.4
