    0.1      228.864      112.316     2.9702     5.0363 1.13e-07 1.05e-08  125.91  109.38  101.28  270.00     4.4
    1.2      229.949       94.736     2.9880     5.1302 1.13e-07 1.05e-08  125.91  109.38  101.28  270.01     4.4
    2.2      231.030      117.621     1.9904     4.9738 1.13e-07 1.05e-08  125.91  109.39  101.28  270.00     4.4
    3.3      232.091      118.163     2.9345     5.1614 1.13e-07 1.04e-08  125.91  109.39  101.28  270.00     4.4
    4.4      233.166      113.572     2.9608     5.0676 1.13e-07 1.05e-08  125.91  109.39  101.28  269.99     4.4
    5.5      234.245       88.763     2.9664     5.0363 1.13e-07 1.04e-08  125.91  109.39  101.28  269.99     4.4
    6.5      235.328      123.978     2.9233     5.0050 1.13e-07 1.01e-08  125.91  109.39  101.28  270.00     4.4
    7.6      236.389      116.199     2.9345     5.0050 1.13e-07 1.05e-08  125.91  109.39  101.28  270.01     4.4
    8.7      237.465      120.180     2.9392     4.9425 1.13e-07 1.05e-08  125.91  109.39  101.28  270.01     4.4
    9.8      238.539      114.857     2.9589     5.0050 1.13e-07 1.04e-08  125.91  109.39  101.28  270.00     4.4
   10.9      239.638      116.361     2.9786     5.0050 1.13e-07 1.05e-08  125.92  109.39  101.28  269.99     4.4
   12.0      240.768      109.891     2.9383     4.9112 1.12e-07 1.05e-08  125.92  109.39  101.28  269.99     4.4
   13.1      241.869      120.091     2.8923     5.0363 1.12e-07 1.05e-08  125.92  109.39  101.28  270.00     4.4
   14.2      242.940      117.372     2.9298     4.9112 1.12e-07 1.05e-08  125.92  109.39  101.28  270.00     4.4
   15.2      244.029       50.548     2.8820     5.2240 1.14e-07 1.05e-08  125.92  109.39  101.28  270.01     4.4
   16.3      245.084      116.938     2.9364     5.1614 1.13e-07 9.88e-09  125.92  109.39  101.28  270.00     4.4
   17.4      246.168      113.343     2.8257     5.0676 1.13e-07 1.04e-08  125.92  109.39  101.28  269.99     4.4
   18.5      247.249      118.091     2.9270     5.0050 1.13e-07 1.05e-08  125.91  109.39  101.28  269.99     4.4
   19.5      248.330      113.506     2.9298     5.0363 1.12e-07 1.05e-08  125.91  109.39  101.28  270.00     4.4
   20.6      249.392      122.530     2.2917     5.9122 1.13e-07 1.04e-08  125.91  109.39  101.28  270.01     4.8
   21.7      250.476      124.711     2.9326     4.9738 1.13e-07 1.03e-08  125.91  109.39  101.28  270.02     4.8
   22.8      251.553      120.950     2.6849     5.3179 1.13e-07 1.05e-08  125.91  109.39  101.28  270.01     4.8
   23.9      252.645      107.580     2.9448     5.0050 1.13e-07 1.05e-08  125.91  109.39  101.28  270.00     4.8
   25.0      253.785      113.069     2.7281     5.5368 1.13e-07 1.05e-08  125.91  109.39  101.28  269.99     4.8
   26.1      254.889      121.667     2.9383     5.0363 1.12e-07 1.05e-08  125.91  109.39  101.28  269.99     4.8
   27.2      255.967      112.581     2.9561     5.0363 1.13e-07 1.02e-08  125.91  109.39  101.28  270.00     4.8
   28.3      257.055      118.819     2.6230     5.0676 1.12e-07 1.04e-08  125.91  109.39  101.28  270.01     4.8
   29.4      258.137      120.042     2.9448     5.0363 1.13e-07 1.04e-08  125.91  109.39  101.28  270.01     4.8
   30.4      259.200      115.103     2.9852     4.9425 1.13e-07 1.04e-08  125.91  109.39  101.28  269.99     4.8
   31.5      260.273       49.694     2.9204     5.2240 1.13e-07 9.90e-09  125.91  109.39  101.28  269.99     4.8
   32.6      261.351      118.663     2.9242     5.0676 1.12e-07 1.05e-08  125.91  109.39  101.28  269.99     4.8
   33.6      262.427      118.707     2.9120     5.2240 1.12e-07 1.05e-08  125.91  109.39  101.28  270.00     4.8
   34.7      263.492      118.975     2.9082     5.0363 1.13e-07 1.01e-08  125.91  109.39  101.28  270.02     4.8
   35.8      264.581      118.180     2.9298     5.0676 1.12e-07 1.04e-08  125.91  109.39  101.28  270.01     4.8
   36.9      265.683      112.177     2.8895     5.1302 1.13e-07 1.02e-08  125.91  109.39  101.28  270.01     4.8
   38.1      266.830      120.602     2.9477     5.0363 1.12e-07 1.04e-08  125.92  109.39  101.28  270.01     4.8
   39.2      267.935      118.523     2.9523     5.0050 1.12e-07 1.06e-08  125.92  109.39  101.28  270.00     4.8
   40.2      268.995      121.936     2.9336     4.9738 1.12e-07 1.05e-08  125.91  109.39  101.28  269.99     4.8
   41.3      270.077      121.310     2.9251     4.9112 1.12e-07 1.05e-08  125.92  109.39  101.28  269.99     4.8
   42.4      271.156      101.647     2.9946     4.9738 1.13e-07 9.80e-09  125.92  109.39  101.28  270.00     4.8
   43.5      272.246      121.856     2.8491     4.9112 1.13e-07 1.05e-08  125.92  109.39  101.28  270.01     4.8
   44.6      273.333      112.875     2.9533     5.0989 1.12e-07 1.04e-08  125.91  109.39  101.28  270.01     4.8
   45.6      274.392       60.735     2.9214     4.9738 1.12e-07 1.01e-08  125.91  109.39  101.28  270.00     4.8
   46.7      275.472      118.974     2.9589     4.9738 1.12e-07 1.04e-08  125.91  109.39  101.28  269.99     4.8
   47.8      276.547      123.303     2.8510     5.0050 1.12e-07 1.04e-08  125.91  109.39  101.28  269.99     4.8
   48.9      277.637      120.551     2.2541     5.8184 1.12e-07 1.04e-08  125.91  109.39  101.28  270.00     4.8
   50.0      278.765      120.000     2.7740     5.2866 1.12e-07 1.04e-08  125.91  109.39  101.28  270.01     5.2
   51.1      279.887      128.496     2.9486     5.0676 1.13e-07 1.05e-08  125.92  109.39  101.28  270.00     5.2
   52.2      280.978      119.184     2.9702     5.0989 1.12e-07 1.01e-08  125.91  109.39  101.28  269.99     5.2
   53.3      282.054      121.557     2.8960     5.1302 1.13e-07 1.03e-08  125.91  109.39  101.28  269.99     5.2
   54.4      283.138      121.627     2.9176     5.0363 1.12e-07 1.03e-08  125.91  109.39  101.28  270.00     5.2
   55.4      284.198      116.653     2.9458     4.9425 1.12e-07 1.04e-08  125.91  109.39  101.28  270.01     5.2
   56.5      285.287      118.464     2.9617     4.9425 1.12e-07 1.04e-08  125.91  109.39  101.28  270.00     5.2
   57.6      286.367      119.626     2.9317     5.0676 1.13e-07 1.05e-08  125.91  109.39  101.28  270.00     5.2
   58.7      287.441      123.313     2.2926     5.3804 1.12e-07 1.05e-08  125.91  109.39  101.28  270.00     5.2
   59.7      288.500      116.480     2.9261     4.8486 1.13e-07 1.03e-08  125.91  109.39  101.28  269.99     5.2
    0.0     1378.478       72.876     2.7862     4.6922 1.08e-07 1.02e-08  121.09  100.86  106.28  270.00     1.6
    1.1     1379.576       70.659     2.8219     4.8799 1.08e-07 1.02e-08  121.10  100.86  106.27  270.00     2.0
    2.2     1380.688       72.483     2.7975     4.7235 1.08e-07 1.02e-08  121.09  100.85  106.28  269.99     2.0
    3.4     1381.824       67.909     2.9054     5.1927 1.09e-07 1.03e-08  121.09  100.85  106.28  269.99     2.0
    4.4     1382.880       77.817     2.9035     4.5671 1.08e-07 1.01e-08  121.10  100.85  106.28  269.99     2.0
    5.5     1383.950       77.255     2.8181     4.7235 1.08e-07 1.02e-08  121.10  100.85  106.28  270.00     2.0
    6.6     1385.029       68.760     2.7862     4.8486 1.07e-07 1.02e-08  121.10  100.85  106.28  270.01     2.0
    7.7     1386.099       77.979     2.8144     4.7861 1.07e-07 1.02e-08  121.10  100.85  106.28  270.00     2.0
    8.7     1387.186       81.804     2.8041     4.6922 1.08e-07 1.03e-08  121.11  100.85  106.28  270.00     2.0
    9.8     1388.269       74.025     2.8163     4.8486 1.08e-07 1.04e-08  121.10  100.85  106.28  270.00     2.0
   10.9     1389.347       72.144     2.7900     4.6922 1.08e-07 1.03e-08  121.11  100.85  106.28  269.99     1.6
   12.0     1390.406       75.617     2.8529     4.9425 1.08e-07 1.03e-08  121.10  100.85  106.28  269.99     1.6
   13.0     1391.485       74.026     2.8106     4.7235 1.08e-07 1.02e-08  121.10  100.85  106.28  270.01     1.6
   14.1     1392.590       69.604     2.9167     4.9425 1.08e-07 1.02e-08  121.10  100.85  106.28  270.01     1.6
   15.3     1393.732       77.455     2.8238     4.7235 1.08e-07 1.03e-08  121.10  100.86  106.28  270.01     1.6
   16.4     1394.838       71.709     2.7637     4.7235 1.08e-07 1.02e-08  121.10  100.85  106.28  270.00     1.6
   17.5     1395.906       71.576     2.7740     4.8173 1.09e-07 1.02e-08  121.10  100.85  106.28  269.99     1.6
   18.5     1396.989       74.551     2.7919     4.6922 1.08e-07 1.02e-08  121.09  100.86  106.28  269.99     1.6
   19.6     1398.066       73.960     2.8031     4.7861 1.08e-07 1.02e-08  121.09  100.85  106.28  270.00     1.6
   20.7     1399.146       79.929     2.8416     4.7861 1.08e-07 1.03e-08  121.09  100.85  106.28  270.00     1.6
   21.8     1400.235       70.888     2.7994     5.1302 1.08e-07 1.03e-08  121.10  100.85  106.28  270.00     1.6
   22.9     1401.300       88.722     2.7731     5.0363 1.08e-07 1.03e-08  121.09  100.85  106.28  270.00     1.6
   23.9     1402.386       76.264     2.8782     4.8799 1.07e-07 1.02e-08  121.09  100.85  106.28  269.99     1.6
   25.0     1403.455       73.327     2.8482     4.5984 1.07e-07 1.03e-08  121.10  100.86  106.28  269.99     1.6
   26.1     1404.529       69.794     2.9467     4.8173 1.08e-07 1.02e-08  121.10  100.85  106.28  269.99     1.6
   27.2     1405.606       77.510     2.8191     4.8486 1.08e-07 1.03e-08  121.10  100.85  106.28  269.99     1.6
   28.3     1406.755       83.626     2.8688     5.0050 1.08e-07 1.03e-08  121.10  100.85  106.28  270.00     1.6
   29.4     1407.848       82.523     2.8791     4.6297 1.07e-07 1.02e-08  121.10  100.85  106.28  270.02     1.6
   30.5     1408.935       81.908     2.7947     4.7861 1.08e-07 1.03e-08  121.10  100.85  106.28  270.00     2.0
   31.6     1410.000       68.899     2.9007     4.8173 1.08e-07 1.03e-08  121.10  100.85  106.28  270.00     2.0
   32.6     1411.076       67.869     2.9223     5.0363 1.08e-07 1.03e-08  121.10  100.86  106.28  270.00     2.0
   33.7     1412.156       83.346     2.7787     4.6609 1.08e-07 1.02e-08  121.10  100.86  106.28  269.99     2.0
   34.8     1413.238       71.229     2.7722     4.5984 1.08e-07 1.02e-08  121.10  100.85  106.28  270.00     2.0
   35.9     1414.297       71.029     2.7937     4.8799 1.08e-07 1.03e-08  121.10  100.85  106.28  270.00     2.0
   36.9     1415.391       68.111     2.8210     4.6609 1.08e-07 1.03e-08  121.10  100.85  106.28  269.99     2.0
   38.0     1416.471       74.550     2.7891     4.7235 1.08e-07 1.03e-08  121.10  100.86  106.28  269.99     2.0
   39.1     1417.553       73.897     2.7684     4.7861 1.07e-07 1.02e-08  121.10  100.86  106.28  270.00     2.0
   40.2     1418.653       75.212     2.7928     4.8799 1.08e-07 1.02e-08  121.10  100.85  106.28  270.00     1.6
   41.3     1419.789       70.712     2.8397     4.8486 1.08e-07 1.02e-08  121.10  100.85  106.28  270.01     1.6
   42.4     1420.887       72.527     2.8219     5.0050 1.08e-07 1.02e-08  121.10  100.85  106.28  270.00     1.6
   43.5     1421.975       68.591     2.7581     4.6609 1.09e-07 1.03e-08  121.10  100.86  106.28  269.99     1.6
   44.6     1423.048       73.488     2.8116     4.9425 1.08e-07 1.03e-08  121.10  100.85  106.28  269.99     1.6
   45.7     1424.127       69.511     2.8078     4.6609 1.08e-07 1.03e-08  121.10  100.85  106.28  270.00     1.6
   46.7     1425.190       82.824     2.7731     4.9112 1.09e-07 1.02e-08  121.09  100.85  106.28  270.01     1.6
   47.8     1426.276       65.629     2.9674     5.3179 1.09e-07 1.03e-08  121.10  100.85  106.28  270.00     1.6
   48.9     1427.366       82.239     2.8942     4.7861 1.08e-07 1.02e-08  121.10  100.85  106.28  270.00     1.6
   50.0     1428.442       69.898     2.7919     4.7235 1.08e-07 1.02e-08  121.10  100.85  106.28  269.99     1.6
   51.1     1429.508       73.800     2.9326     4.9738 1.08e-07 1.02e-08  121.10  100.85  106.28  269.99     1.6
   52.1     1430.584       66.261     2.7797     5.0363 1.08e-07 1.02e-08  121.10  100.85  106.28  269.99     1.6
   53.2     1431.690       70.788     2.8238     4.6922 1.08e-07 1.03e-08  121.10  100.85  106.28  270.01     1.6
   54.4     1432.836       75.038     2.7797     4.6922 1.08e-07 1.01e-08  121.10  100.86  106.28  270.00     1.6
   55.5     1433.928       72.413     2.7966     4.9425 1.08e-07 1.02e-08  121.10  100.86  106.28  270.01     1.6
   56.5     1434.984       71.258     2.8135     4.7235 1.08e-07 1.01e-08  121.10  100.85  106.28  269.99     1.6
   57.6     1436.066       74.132     2.8623     4.6922 1.08e-07 1.02e-08  121.10  100.86  106.28  270.00     1.6
   58.7     1437.146       70.345     2.7712     4.8173 1.08e-07 1.03e-08  121.10  100.86  106.28  269.99     1.6
   59.8     1438.230       72.849     2.8135     4.7235 1.08e-07 1.03e-08  121.10  100.85  106.28  270.00     1.6
    0.1     1634.045      147.646     3.1823     4.7861 1.06e-07 1.08e-08  121.06  104.15  100.98  269.99     3.2
    1.2     1635.138      150.734     3.1616     4.8799 1.06e-07 1.08e-08  121.06  104.15  100.98  269.99     3.2
    2.2     1636.195      146.990     3.1719     4.8173 1.06e-07 1.08e-08  121.05  104.15  100.98  269.99     3.2
    3.3     1637.277      143.921     3.2057     4.8486 1.06e-07 1.09e-08  121.07  104.14  100.98  270.00     3.2
    4.4     1638.364      145.940     3.1184     4.7861 1.06e-07 1.07e-08  121.07  104.14  100.97  270.01     3.2
    5.5     1639.500      147.967     3.1672     4.7548 1.06e-07 1.08e-08  121.06  104.14  100.98  270.01     3.2
    6.7     1640.678      141.152     3.1091     4.9112 1.06e-07 1.08e-08  121.05  104.14  100.98  270.00     3.2
    7.8     1641.757      140.879     3.1926     4.8173 1.06e-07 1.08e-08  121.06  104.14  100.98  269.99     3.2
    8.9     1642.863      142.618     3.1579     4.6922 1.06e-07 1.08e-08  121.06  104.14  100.98  269.99     3.2
   10.0     1643.983      146.182     3.1682     4.7861 1.06e-07 1.08e-08  121.05  104.15  100.97  269.99     3.2
   11.1     1645.082      138.823     3.1672     4.9112 1.06e-07 1.07e-08  121.05  104.15  100.98  270.00     3.2
   12.2     1646.166      147.307     3.1785     4.6922 1.06e-07 1.07e-08  121.05  104.15  100.98  270.01     3.2
   13.3     1647.243      144.696     3.1494     4.8799 1.06e-07 1.08e-08  121.05  104.15  100.98  270.00     3.2
   14.3     1648.304      146.904     3.1485     4.8486 1.06e-07 1.07e-08  121.04  104.15  100.98  269.99     3.2
   15.4     1649.388      144.834     3.1550     4.8486 1.06e-07 1.08e-08  121.05  104.15  100.98  269.99     3.2
   16.5     1650.467      145.838     3.1710     4.8173 1.06e-07 1.09e-08  121.04  104.15  100.98  269.99     3.2
   17.6     1651.540      143.003     3.1475     4.7235 1.06e-07 1.08e-08  121.03  104.15  100.98  270.00     3.2
   18.6     1652.602      145.048     3.1757     4.6609 1.06e-07 1.08e-08  121.03  104.15  100.98  270.00     3.2
   19.7     1653.685      144.845     3.1879     4.8799 1.06e-07 1.07e-08  121.03  104.15  100.98  270.01     3.2
   20.8     1654.783      138.849     3.1935     4.9112 1.06e-07 1.08e-08  121.03  104.14  100.98  270.00     3.2
   21.9     1655.897      149.708     3.1776     4.8173 1.06e-07 1.08e-08  121.04  104.15  100.98  269.99     3.2
   23.1     1657.046      144.140     3.1353     4.8173 1.06e-07 1.08e-08  121.03  104.14  100.98  269.99     3.2
   24.2     1658.144      140.244     3.1560     4.7548 1.06e-07 1.08e-08  121.02  104.14  100.98  269.99     3.2
   25.2     1659.204      145.580     3.2057     4.8799 1.06e-07 1.07e-08  121.02  104.15  100.98  270.01     3.2
   26.3     1660.286      148.258     3.1804     4.8799 1.06e-07 1.08e-08  121.03  104.14  100.98  270.01     3.2
   27.4     1661.374      143.769     3.1569     4.8799 1.06e-07 1.08e-08  121.04  104.14  100.98  269.99     3.2
   28.5     1662.458      149.613     3.1888     4.9112 1.07e-07 1.08e-08  121.03  104.15  100.98  269.99     3.2
   29.6     1663.537      145.548     3.1973     4.8486 1.06e-07 1.08e-08  121.04  104.15  100.98  269.99     3.2
   30.6     1664.598      146.648     3.1935     4.7548 1.06e-07 1.08e-08  121.04  104.15  100.98  270.00     3.2
   31.7     1665.676      143.341     3.1841     4.8173 1.06e-07 1.08e-08  121.04  104.15  100.98  270.00     3.2
   32.8     1666.765      143.872     3.1372     4.8799 1.06e-07 1.08e-08  121.03  104.15  100.97  270.00     3.2
   33.9     1667.860      146.654     3.1428     4.8486 1.06e-07 1.07e-08  121.04  104.15  100.98  270.00     3.2
   35.0     1668.984      148.135     3.2189     4.8486 1.06e-07 1.08e-08  121.05  104.15  100.97  269.99     3.2
   36.1     1670.088      142.064     3.1888     4.8486 1.06e-07 1.07e-08  121.04  104.15  100.98  270.00     3.2
   37.2     1671.172      148.740     3.1072     4.8173 1.06e-07 1.07e-08  121.04  104.15  100.97  270.00     3.2
   38.3     1672.256      145.202     3.1851     4.8486 1.06e-07 1.07e-08  121.04  104.15  100.98  270.00     3.2
   39.3     1673.333      144.732     3.1550     4.9425 1.06e-07 1.08e-08  121.04  104.14  100.98  270.00     3.2
   40.4     1674.400      141.390     3.1851     4.8799 1.06e-07 1.08e-08  121.04  104.15  100.98  269.99     3.2
   41.5     1675.484      140.974     3.1719     4.8486 1.06e-07 1.08e-08  121.04  104.14  100.98  269.99     3.2
   42.6     1676.562      140.572     3.1635     4.8173 1.06e-07 1.08e-08  121.03  104.14  100.98  269.99     3.2
   43.6     1677.632      146.588     3.1447     4.8173 1.06e-07 1.07e-08  121.03  104.15  100.98  270.00     3.2
   44.7     1678.690      143.761     3.1954     4.7548 1.06e-07 1.07e-08  121.03  104.15  100.98  270.00     2.8
   45.8     1679.778      144.274     3.1597     4.8173 1.06e-07 1.06e-08  121.03  104.14  100.98  270.00     2.8
   46.9     1680.875      142.604     3.1973     4.8799 1.06e-07 1.08e-08  121.03  104.15  100.98  269.99     2.8
   48.0     1681.994      140.181     3.1654     4.9112 1.06e-07 1.08e-08  121.03  104.15  100.98  270.00     2.8
   49.1     1683.094      145.953     3.1992     4.8486 1.06e-07 1.08e-08  121.03  104.15  100.98  270.00     2.8
   50.2     1684.185      143.496     3.1597     4.8173 1.06e-07 1.08e-08  121.03  104.15  100.97  270.00     2.8
   51.3     1685.266      142.006     3.2132     4.7548 1.06e-07 1.08e-08  121.03  104.15  100.98  269.99     2.8
   52.4     1686.346      145.299     3.1644     4.8173 1.06e-07 1.08e-08  121.03  104.15  100.98  269.99     2.8
   53.4     1687.424      143.304     3.2067     4.8486 1.06e-07 1.07e-08  121.03  104.15  100.98  270.01     2.8
   54.5     1688.485      138.658     3.1851     4.8173 1.07e-07 1.08e-08  121.03  104.15  100.98  270.00     2.8
   55.6     1689.571      146.143     3.1870     5.0050 1.07e-07 1.08e-08  121.04  104.15  100.98  270.01     3.2
   56.7     1690.648      147.296     3.1597     4.8173 1.06e-07 1.08e-08  121.04  104.15  100.98  270.00     3.2
   57.7     1691.732      142.619     3.1851     4.8173 1.06e-07 1.07e-08  121.04  104.15  100.98  269.99     3.2
   58.8     1692.805      137.539     3.1644     4.9112 1.06e-07 1.08e-08  121.04  104.15  100.98  269.99     3.2
   60.0     1693.942      147.581     3.1776     4.7861 1.06e-07 1.08e-08  121.04  104.15  100.97  270.00     3.2
    0.0     2064.468       93.345     3.1550     4.2543 1.04e-07 1.07e-08  122.02  103.47  104.34  270.01     2.4
    1.1     2065.550       96.427     3.1382     4.2543 1.04e-07 1.07e-08  122.01  103.47  104.34  269.99     2.4
    2.2     2066.625       97.852     3.1419     4.3168 1.04e-07 1.08e-08  122.01  103.47  104.33  269.99     2.4
    3.2     2067.684       97.752     3.1541     4.3168 1.04e-07 1.08e-08  122.01  103.47  104.33  269.99     2.4
    4.3     2068.781      100.623     3.1494     4.3168 1.04e-07 1.08e-08  122.01  103.47  104.33  270.00     2.4
    5.4     2069.862       94.500     3.1457     4.3168 1.04e-07 1.08e-08  122.01  103.48  104.32  270.00     2.4
    6.5     2070.933       96.960     3.1400     4.2856 1.04e-07 1.08e-08  122.01  103.48  104.33  270.01     2.4
    7.6     2071.994       97.349     3.1363     4.2856 1.04e-07 1.07e-08  122.02  103.48  104.34  270.00     2.4
    8.7     2073.097       95.667     3.1363     4.3168 1.04e-07 1.08e-08  122.01  103.48  104.33  269.99     2.4
    9.8     2074.233       98.907     3.1579     4.4107 1.04e-07 1.08e-08  122.01  103.48  104.33  269.99     2.4
   10.9     2075.331       95.986     3.1757     4.3481 1.04e-07 1.09e-08  122.01  103.48  104.33  270.00     2.4
   12.0     2076.392      102.917     3.1748     4.4107 1.04e-07 1.09e-08  122.01  103.48  104.33  270.01     2.4
   13.0     2077.469       97.201     3.1457     4.4107 1.04e-07 1.09e-08  122.02  103.48  104.33  270.00     2.4
   14.1     2078.552       96.868     3.1579     4.3794 1.04e-07 1.08e-08  122.02  103.47  104.33  270.00     2.4
   15.2     2079.629       97.664     3.1916     4.3794 1.04e-07 1.08e-08  122.02  103.47  104.33  270.00     2.4
   16.3     2080.693      101.139     3.1663     4.4420 1.04e-07 1.09e-08  122.02  103.47  104.33  269.99     2.4
   17.3     2081.783       95.710     3.1682     4.4107 1.04e-07 1.08e-08  122.02  103.47  104.33  269.99     2.4
   18.4     2082.864       97.000     3.1231     4.2856 1.04e-07 1.08e-08  122.02  103.47  104.33  270.00     2.4
   19.5     2083.944       96.287     3.1166     4.3481 1.04e-07 1.08e-08  122.02  103.48  104.33  270.00     2.4
   20.6     2085.002       98.733     3.1560     4.3168 1.04e-07 1.08e-08  122.01  103.47  104.33  270.01     2.4
   21.7     2086.137       99.310     3.1400     4.3481 1.04e-07 1.08e-08  122.01  103.47  104.33  270.00     2.4
   22.8     2087.263       96.799     3.1701     4.2856 1.04e-07 1.08e-08  122.01  103.48  104.33  269.99     2.4
   23.9     2088.358       99.121     3.1419     4.3168 1.05e-07 1.08e-08  122.01  103.47  104.33  269.99     2.4
   25.0     2089.438       94.040     3.1344     4.3794 1.04e-07 1.08e-08  122.01  103.48  104.33  270.00     2.4
   26.1     2090.497       95.494     3.1325     4.3168 1.04e-07 1.08e-08  122.01  103.48  104.33  270.01     2.4
   27.1     2091.582       96.632     3.1447     4.3168 1.04e-07 1.08e-08  122.01  103.48  104.33  270.00     2.4
   28.2     2092.667       96.224     3.1419     4.2856 1.04e-07 1.08e-08  122.01  103.47  104.33  270.00     2.4
   29.3     2093.752       97.267     3.1748     4.3168 1.04e-07 1.08e-08  122.00  103.47  104.33  269.99     2.4
   30.4     2094.826       96.818     3.1541     4.3481 1.04e-07 1.08e-08  122.02  103.47  104.33  270.00     2.4
   31.5     2095.898      103.051     3.1766     4.3794 1.04e-07 1.08e-08  122.02  103.47  104.33  269.99     2.4
   32.5     2096.985       96.056     3.1391     4.2543 1.04e-07 1.08e-08  122.02  103.47  104.33  270.00     2.4
   33.6     2098.070       98.331     3.1306     4.2543 1.04e-07 1.07e-08  122.01  103.47  104.33  270.01     2.4
   34.8     2099.190       93.033     3.1372     4.2543 1.04e-07 1.07e-08  122.02  103.47  104.33  270.00     2.4
   35.9     2100.294       96.922     3.1579     4.3168 1.04e-07 1.09e-08  122.01  103.47  104.33  269.99     2.4
   36.9     2101.374       94.153     3.1832     4.2856 1.04e-07 1.07e-08  122.02  103.48  104.33  269.99     2.4
   38.0     2102.451       97.073     3.1475     4.2543 1.04e-07 1.09e-08  122.02  103.48  104.33  269.99     2.4
   39.1     2103.529       91.880     3.1588     4.3794 1.05e-07 1.08e-08  122.01  103.48  104.33  270.00     2.4
   40.2     2104.595       98.482     3.1278     4.2856 1.05e-07 1.09e-08  122.02  103.48  104.33  270.01     2.4
   41.2     2105.678       93.761     3.1231     4.2856 1.04e-07 1.09e-08  122.02  103.47  104.33  270.00     2.4
   42.3     2106.758       99.786     3.1682     4.2856 1.04e-07 1.09e-08  122.01  103.47  104.33  270.00     2.4
   43.4     2107.836       99.560     3.1306     4.2856 1.04e-07 1.09e-08  122.01  103.47  104.33  270.00     2.4
   44.5     2108.902       97.540     3.1616     4.3794 1.04e-07 1.08e-08  122.01  103.47  104.33  270.00     2.0
   45.5     2109.984       93.010     3.1494     4.3168 1.04e-07 1.08e-08  122.02  103.47  104.33  270.00     2.0
   46.6     2111.071       97.420     3.1306     4.2856 1.05e-07 1.08e-08  122.01  103.48  104.33  270.00     2.0
   47.8     2112.192       97.415     3.1438     4.3168 1.04e-07 1.08e-08  122.01  103.47  104.33  270.01     2.0
   48.9     2113.309      101.338     3.1428     4.3168 1.04e-07 1.08e-08  122.01  103.47  104.33  269.99     2.0
   50.0     2114.391       95.697     3.1353     4.2856 1.04e-07 1.08e-08  122.01  103.48  104.33  269.99     2.0
   51.0     2115.471       98.629     3.1475     4.2230 1.05e-07 1.08e-08  122.01  103.47  104.33  269.99     2.0
   52.1     2116.550       99.879     3.1785     4.3794 1.05e-07 1.09e-08  122.01  103.47  104.33  270.01     2.0
   53.2     2117.626       98.450     3.1823     4.3481 1.05e-07 1.09e-08  122.01  103.48  104.33  270.00     2.0
   54.2     2118.688       97.714     3.1560     4.2856 1.05e-07 1.08e-08  122.02  103.47  104.33  270.00     2.0
   55.3     2119.785       95.736     3.1438     4.3168 1.04e-07 1.08e-08  122.01  103.47  104.33  269.99     2.0
   56.4     2120.856       99.454     3.1579     4.3168 1.04e-07 1.08e-08  122.01  103.48  104.33  269.99     2.0
   57.5     2121.937       97.338     3.1410     4.4107 1.04e-07 1.08e-08  122.01  103.48  104.33  270.00     2.0
   58.6     2123.000       99.665     3.1663     4.2856 1.04e-07 1.08e-08  122.01  103.47  104.33  270.01     2.0
   59.6     2124.079       94.034     3.1419     4.2856 1.04e-07 1.08e-08  122.02  103.48  104.33  270.00     2.0
    0.0     2216.164      114.805     2.9486     4.4420 1.09e-07 1.03e-08  120.32  105.24   99.81  269.99     3.6
    1.2     2217.289      114.498     2.9477     4.4420 1.09e-07 1.04e-08  120.33  105.24   99.82  269.99     3.6
    2.3     2218.409      117.245     2.9505     4.4420 1.10e-07 1.03e-08  120.33  105.24   99.81  269.99     3.6
    3.4     2219.485      116.553     2.9448     4.5045 1.09e-07 1.04e-08  120.32  105.24   99.81  269.99     3.6
    4.4     2220.575      116.696     2.9552     4.4107 1.09e-07 1.05e-08  120.32  105.24   99.81  270.01     3.6
    5.5     2221.650      114.886     2.9242     4.3794 1.09e-07 1.04e-08  120.31  105.24   99.82  270.01     3.6
    6.6     2222.734      115.621     2.9439     4.4733 1.09e-07 1.04e-08  120.32  105.24   99.82  269.99     3.6
    7.7     2223.800      116.540     2.9477     4.3794 1.09e-07 1.04e-08  120.31  105.25   99.82  269.99     3.6
    8.7     2224.872      112.031     2.9373     4.3794 1.09e-07 1.04e-08  120.31  105.25   99.82  269.99     3.6
    9.8     2225.952      116.418     2.9523     4.4733 1.10e-07 1.04e-08  120.31  105.25   99.82  269.99     3.6
   10.9     2227.035      116.608     2.9458     4.4733 1.10e-07 1.04e-08  120.30  105.25   99.81  270.00     3.6
   12.0     2228.097      112.604     2.9373     4.4420 1.09e-07 1.03e-08  120.31  105.24   99.82  270.01     3.6
   13.1     2229.187      116.777     2.9411     4.4107 1.10e-07 1.03e-08  120.32  105.24   99.81  270.00     3.6
   14.2     2230.332      116.375     2.9495     4.4733 1.09e-07 1.04e-08  120.30  105.24   99.82  269.99     3.6
   15.3     2231.438      114.088     2.9495     4.4733 1.10e-07 1.04e-08  120.30  105.24   99.82  269.99     3.6
   16.4     2232.504      117.668     2.9514     4.5045 1.09e-07 1.04e-08  120.30  105.25   99.82  270.00     3.6
   17.5     2233.588      114.003     2.9514     4.4733 1.09e-07 1.04e-08  120.29  105.24   99.82  270.01     3.6
   18.5     2234.672      116.278     2.9514     4.4733 1.10e-07 1.03e-08  120.30  105.24   99.82  270.01     3.6
   19.6     2235.763      115.645     2.9505     4.4420 1.09e-07 1.04e-08  120.30  105.24   99.82  270.00     3.6
   20.7     2236.839      116.952     2.9495     4.5045 1.09e-07 1.04e-08  120.30  105.24   99.82  270.00     3.6
   21.8     2237.905      113.604     2.9420     4.4420 1.10e-07 1.05e-08  120.30  105.25   99.81  269.99     3.6
   22.9     2238.989      117.221     2.9477     4.4733 1.10e-07 1.04e-08  120.30  105.24   99.82  269.99     3.6
   23.9     2240.069      116.559     2.9467     4.4733 1.10e-07 1.04e-08  120.31  105.24   99.82  269.99     3.6
   25.0     2241.151      115.475     2.9533     4.5045 1.09e-07 1.04e-08  120.30  105.24   99.82  270.02     3.6
   26.1     2242.257      115.401     2.9533     4.4733 1.10e-07 1.04e-08  120.31  105.24   99.82  270.01     3.6
   27.3     2243.387      114.781     2.9505     4.4420 1.10e-07 1.04e-08  120.31  105.25   99.82  270.00     3.6
   28.4     2244.488      116.435     2.9411     4.4420 1.09e-07 1.04e-08  120.31  105.25   99.82  269.99     3.6
   29.4     2245.564      117.913     2.9495     4.4733 1.10e-07 1.04e-08  120.32  105.25   99.82  269.99     3.6
   30.5     2246.642      117.713     2.9448     4.4420 1.09e-07 1.04e-08  120.30  105.24   99.82  269.99     3.6
   31.6     2247.706      115.321     2.9477     4.4420 1.10e-07 1.04e-08  120.29  105.25   99.81  270.00     3.6
   32.7     2248.792      113.763     2.9505     4.4420 1.10e-07 1.04e-08  120.31  105.24   99.82  270.00     3.6
   33.7     2249.865      114.743     2.9580     4.4733 1.10e-07 1.03e-08  120.31  105.24   99.81  270.00     3.6
   34.8     2250.947      117.011     2.9523     4.3794 1.10e-07 1.03e-08  120.31  105.24   99.82  270.01     3.6
   35.9     2252.008      115.648     2.9533     4.4733 1.10e-07 1.04e-08  120.31  105.24   99.82  269.99     3.6
   36.9     2253.076      117.287     2.9533     4.4420 1.09e-07 1.04e-08  120.30  105.24   99.82  269.99     3.6
   38.0     2254.154      114.837     2.9495     4.4733 1.09e-07 1.04e-08  120.31  105.24   99.82  269.99     3.6
   39.1     2255.262      115.769     2.9570     4.4107 1.10e-07 1.04e-08  120.30  105.24   99.82  270.00     3.6
   40.3     2256.381      115.787     2.9514     4.4420 1.10e-07 1.04e-08  120.31  105.24   99.82  270.01     3.6
   41.4     2257.479      113.125     2.9458     4.3794 1.09e-07 1.04e-08  120.31  105.24   99.81  270.01     3.6
   42.4     2258.574      116.886     2.9542     4.4420 1.09e-07 1.03e-08  120.32  105.24   99.82  270.00     3.6
   43.5     2259.654      116.179     2.9514     4.4420 1.09e-07 1.04e-08  120.30  105.24   99.82  270.00     3.6
   44.6     2260.709      114.044     2.9580     4.4420 1.09e-07 1.05e-08  120.30  105.24   99.82  269.99     3.6
   45.7     2261.803      117.163     2.9552     4.4107 1.09e-07 1.03e-08  120.31  105.24   99.82  270.01     3.6
   46.8     2262.887      118.783     2.9523     4.4107 1.09e-07 1.04e-08  120.30  105.24   99.82  270.01     3.6
   47.8     2263.970      113.541     2.9523     4.3481 1.09e-07 1.04e-08  120.31  105.24   99.82  270.00     3.6
   48.9     2265.049      115.370     2.9467     4.4107 1.10e-07 1.03e-08  120.30  105.24   99.81  270.00     3.6
   50.0     2266.107      116.742     2.9533     4.4420 1.10e-07 1.04e-08  120.30  105.24   99.82  269.99     3.6
   51.1     2267.185      114.531     2.9533     4.4107 1.09e-07 1.03e-08  120.31  105.24   99.82  269.99     3.6
   52.2     2268.330      115.037     2.9570     4.4733 1.09e-07 1.04e-08  120.31  105.24   99.82  270.01     3.6
   53.3     2269.453      118.161     2.9580     4.4420 1.10e-07 1.03e-08  120.31  105.24   99.82  270.01     3.6
   54.4     2270.546      115.172     2.9467     4.5045 1.09e-07 1.04e-08  120.32  105.24   99.82  270.01     3.6
   55.5     2271.632      115.974     2.9561     4.4733 1.09e-07 1.04e-08  120.31  105.24   99.81  269.99     3.6
   56.6     2272.688      115.181     2.9495     4.4733 1.10e-07 1.04e-08  120.31  105.24   99.82  269.99     3.6
   57.6     2273.774      117.400     2.9477     4.4420 1.10e-07 1.04e-08  120.30  105.24   99.81  269.99     3.6
   58.7     2274.849      114.951     2.9420     4.4733 1.09e-07 1.04e-08  120.31  105.24   99.82  270.00     3.6
   59.8     2275.933      119.650     2.9495     4.4420 1.10e-07 1.03e-08  120.29  105.24   99.82  270.00     3.6
    0.0     2341.544      155.262     3.2921     4.9738 1.05e-07 1.09e-08  121.83  102.69  100.00  270.00     3.2
    1.1     2342.609      154.009     3.2996     4.8799 1.05e-07 1.09e-08  121.83  102.69  100.00  269.99     3.2
    2.2     2343.684      152.984     3.2705     4.9425 1.05e-07 1.09e-08  121.83  102.69  100.00  270.01     3.2
    3.3     2344.770      154.441     3.2273     5.0676 1.06e-07 1.09e-08  121.83  102.70  100.00  270.01     3.2
    4.4     2345.847      151.993     3.2902     4.8173 1.06e-07 1.09e-08  121.83  102.69  100.00  270.00     3.2
    5.4     2346.904      158.579     3.2968     4.8799 1.05e-07 1.08e-08  121.82  102.69  100.00  270.00     3.2
    6.5     2348.002      154.326     3.2451     4.9112 1.05e-07 1.08e-08  121.82  102.68  100.00  269.98     3.2
    7.6     2349.133      157.177     3.3052     4.8173 1.05e-07 1.10e-08  121.82  102.69  100.00  269.99     3.2
    8.7     2350.233      157.775     3.2714     4.9425 1.05e-07 1.10e-08  121.82  102.68  100.00  269.99     3.2
    9.8     2351.289      159.555     3.2639     4.8799 1.05e-07 1.09e-08  121.82  102.68  100.00  269.99     3.2
   10.9     2352.373      148.871     3.2433     4.8486 1.05e-07 1.09e-08  121.82  102.68  100.00  270.00     3.2
   12.0     2353.455      157.000     3.2827     4.6922 1.05e-07 1.08e-08  121.83  102.68  100.00  270.01     3.2
   13.0     2354.540      155.296     3.3005     5.0676 1.05e-07 1.09e-08  121.83  102.68  100.00  270.00     3.2
   14.1     2355.600      162.027     3.2611     4.8486 1.05e-07 1.09e-08  121.83  102.68  100.00  270.00     3.2
   15.2     2356.684      159.771     3.2423     4.7861 1.05e-07 1.09e-08  121.83  102.68  100.00  269.99     3.2
   16.3     2357.772      152.672     3.1935     4.9738 1.05e-07 1.09e-08  121.84  102.68  100.00  269.99     3.2
   17.4     2358.851      157.063     3.2029     4.8486 1.05e-07 1.09e-08  121.84  102.68  100.00  269.99     3.6
   18.4     2359.935      160.458     3.2461     5.0363 1.05e-07 1.08e-08  121.84  102.68  100.00  270.00     3.6
   19.5     2361.042      149.940     3.2761     5.1302 1.05e-07 1.09e-08  121.82  102.69  100.00  270.01     3.6
   20.7     2362.166      153.810     3.2630     4.8173 1.05e-07 1.08e-08  121.84  102.69  100.00  270.00     3.6
   21.8     2363.265      145.822     3.2461     4.7548 1.04e-07 1.08e-08  121.85  102.68  100.00  270.00     3.6
   22.9     2364.350      155.940     3.3165     4.8799 1.05e-07 1.09e-08  121.84  102.69  100.00  269.99     3.6
   23.9     2365.409      159.066     3.2677     4.9112 1.05e-07 1.09e-08  121.83  102.69  100.00  269.99     3.6
   25.0     2366.494      155.125     3.2348     4.7235 1.05e-07 1.09e-08  121.84  102.68  100.00  269.99     3.6
   26.1     2367.579      146.488     3.2010     4.9425 1.05e-07 1.08e-08  121.83  102.68  100.00  270.01     3.6
   27.2     2368.662      150.079     3.2329     5.0676 1.05e-07 1.07e-08  121.84  102.68  100.00  270.02     3.6
   28.3     2369.750      149.307     3.2358     4.7548 1.05e-07 1.09e-08  121.83  102.68  100.00  270.01     3.6
   29.3     2370.808      144.428     3.2733     4.7861 1.05e-07 1.08e-08  121.83  102.68  100.00  269.99     3.6
   30.4     2371.892      151.994     3.2414     4.8799 1.04e-07 1.09e-08  121.82  102.68  100.01  270.00     3.6
   31.5     2372.987      152.025     3.2573     4.8486 1.04e-07 1.08e-08  121.82  102.68  100.00  270.00     3.6
   32.6     2374.101      154.543     3.2442     4.8173 1.05e-07 1.09e-08  121.83  102.68  100.00  270.00     3.6
   33.7     2375.207      151.304     3.2761     4.9425 1.04e-07 1.09e-08  121.82  102.68  100.00  270.01     3.6
   34.8     2376.296      155.445     3.2123     4.8173 1.04e-07 1.09e-08  121.81  102.68  100.00  270.01     3.6
   35.9     2377.384      152.007     3.2433     4.9738 1.05e-07 1.08e-08  121.83  102.68  100.00  269.99     3.6
   37.0     2378.453      155.294     3.2526     4.8799 1.04e-07 1.08e-08  121.82  102.68  100.00  269.99     3.6
   38.0     2379.533      151.432     3.2555     4.9738 1.05e-07 1.08e-08  121.82  102.68  100.00  269.99     3.2
   39.1     2380.592      150.708     3.2892     4.8486 1.04e-07 1.08e-08  121.82  102.68  100.00  270.00     3.2
   40.2     2381.684      157.770     3.2536     4.9112 1.05e-07 1.08e-08  121.83  102.68  100.00  270.01     3.2
   41.3     2382.772      149.037     3.2592     4.8486 1.04e-07 1.09e-08  121.83  102.68  100.00  270.01     3.2
   42.3     2383.845      152.472     3.2423     4.8799 1.04e-07 1.09e-08  121.82  102.68  100.00  270.00     3.2
   43.4     2384.907      147.609     3.2996     4.8799 1.05e-07 1.08e-08  121.83  102.68  100.00  269.99     3.2
   44.5     2385.986      154.843     3.2911     4.8799 1.05e-07 1.08e-08  121.83  102.68   99.99  269.99     3.2
   45.6     2387.105      146.870     3.2592     4.9738 1.05e-07 1.08e-08  121.82  102.68  100.00  270.00     3.2
   46.7     2388.238      155.266     3.2498     4.7548 1.04e-07 1.08e-08  121.84  102.68  100.00  270.01     3.2
   47.8     2389.300      149.341     3.2958     5.0676 1.04e-07 1.08e-08  121.84  102.68  100.00  270.01     3.2
   48.9     2390.386      156.784     3.2142     4.9425 1.05e-07 1.09e-08  121.83  102.68  100.00  270.00     3.2
   50.0     2391.453      151.925     3.2076     4.8486 1.05e-07 1.08e-08  121.84  102.68  100.00  269.99     3.2
   51.0     2392.535      154.515     3.2339     4.9112 1.05e-07 1.08e-08  121.83  102.68  100.00  269.99     3.2
   52.1     2393.602      150.863     3.2376     4.6922 1.05e-07 1.08e-08  121.83  102.68  100.00  269.99     3.2
   53.2     2394.682      156.108     3.2545     4.8486 1.04e-07 1.08e-08  121.84  102.68  100.00  270.00     3.2
   54.3     2395.774      160.556     3.2395     4.9738 1.04e-07 1.08e-08  121.83  102.68  100.00  270.01     3.2
   55.4     2396.852      154.059     3.2911     4.8486 1.04e-07 1.08e-08  121.83  102.68  100.00  270.01     3.2
   56.4     2397.934      155.206     3.2414     4.8486 1.05e-07 1.08e-08  121.82  102.68  100.00  269.99     3.2
   57.5     2398.999      153.262     3.2301     4.7861 1.05e-07 1.08e-08  121.82  102.69  100.00  269.99     3.6
   58.6     2400.132      156.299     3.2573     4.7861 1.05e-07 1.08e-08  121.82  102.68  100.00  269.99     3.6
   59.8     2401.252      154.466     3.2076     4.8799 1.04e-07 1.08e-08  121.83  102.68  100.00  269.99     3.6
    0.0     2518.904      124.202     2.7149     3.4722 1.13e-07 1.04e-08  125.12  103.53   99.45  269.99     4.4
    1.1     2520.002      123.246     2.6962     3.4722 1.13e-07 1.04e-08  125.14  103.54   99.45  270.00     4.4
    2.2     2521.083      120.472     2.7196     3.5348 1.12e-07 1.03e-08  125.14  103.54   99.45  270.00     4.4
    3.3     2522.160      123.843     2.7637     3.5035 1.12e-07 1.04e-08  125.14  103.54   99.45  270.01     4.4
    4.4     2523.238      125.014     2.7018     3.5348 1.12e-07 1.02e-08  125.14  103.54   99.45  269.99     4.4
    5.4     2524.295      118.876     2.7121     3.4722 1.12e-07 1.03e-08  125.14  103.54   99.45  269.99     4.4
    6.5     2525.384      122.152     2.7102     3.5661 1.13e-07 1.04e-08  125.13  103.54   99.45  269.99     4.4
    7.6     2526.457      122.686     2.7543     3.5661 1.12e-07 1.03e-08  125.13  103.54   99.45  269.99     4.4
    8.7     2527.538      122.448     2.7083     3.5035 1.12e-07 1.04e-08  125.13  103.54   99.45  269.99     4.4
    9.7     2528.605      123.221     2.7037     3.4097 1.12e-07 1.03e-08  125.13  103.54   99.45  270.02     4.4
   10.8     2529.681      127.387     2.7740     3.4722 1.12e-07 1.04e-08  125.14  103.54   99.45  270.00     4.4
   11.9     2530.806      119.827     2.7515     3.4722 1.12e-07 1.03e-08  125.13  103.54   99.45  269.99     4.4
   13.1     2531.947      127.849     2.6962     3.4410 1.12e-07 1.04e-08  125.13  103.54   99.45  269.99     4.4
   14.2     2533.039      122.969     2.6933     3.5348 1.12e-07 1.03e-08  125.12  103.54   99.45  270.00     4.4
   15.2     2534.105      123.938     2.7506     3.5974 1.12e-07 1.04e-08  125.12  103.54   99.45  270.00     4.4
   16.3     2535.181      121.852     2.6915     3.5661 1.12e-07 1.05e-08  125.12  103.53   99.45  270.01     4.4
   17.4     2536.264      127.625     2.7318     3.5974 1.12e-07 1.04e-08  125.12  103.54   99.45  270.00     4.4
   18.5     2537.339      124.490     2.7299     3.5661 1.12e-07 1.04e-08  125.10  103.53   99.45  270.00     4.4
   19.5     2538.408      120.102     2.7703     3.5974 1.12e-07 1.03e-08  125.10  103.53   99.45  269.99     4.4
   20.6     2539.491      121.745     2.7384     3.6287 1.12e-07 1.04e-08  125.12  103.53   99.45  269.99     4.4
   21.7     2540.569      124.508     2.7168     3.5974 1.12e-07 1.04e-08  125.12  103.54   99.45  269.99     4.4
   22.8     2541.639      125.612     2.7356     3.5348 1.12e-07 1.05e-08  125.12  103.54   99.45  270.01     4.4
   23.8     2542.707      124.787     2.7205     3.4722 1.12e-07 1.04e-08  125.12  103.53   99.45  270.01     4.4
   25.0     2543.868      124.866     2.7290     3.5348 1.12e-07 1.04e-08  125.13  103.54   99.45  270.00     4.4
   26.1     2544.980      122.235     2.6718     3.4722 1.12e-07 1.04e-08  125.13  103.54   99.45  270.00     4.4
   27.2     2546.051      117.910     2.6943     3.4097 1.12e-07 1.04e-08  125.13  103.54   99.45  269.99     4.4
   28.3     2547.139      123.957     2.6877     3.3784 1.12e-07 1.04e-08  125.13  103.54   99.45  270.00     4.4
   29.3     2548.208      121.055     2.7299     3.5661 1.12e-07 1.04e-08  125.12  103.54   99.45  269.99     4.4
   30.4     2549.291      123.078     2.7234     3.5661 1.12e-07 1.03e-08  125.13  103.54   99.45  269.99     4.4
   31.5     2550.366      123.113     2.7384     3.5035 1.12e-07 1.04e-08  125.12  103.54   99.45  270.00     4.4
   32.6     2551.437      120.146     2.7215     3.5348 1.12e-07 1.05e-08  125.13  103.54   99.45  270.00     4.4
   33.6     2552.505      123.386     2.7487     3.5348 1.13e-07 1.04e-08  125.13  103.54   99.45  269.99     4.4
   34.7     2553.590      123.813     2.6924     3.3471 1.12e-07 1.04e-08  125.12  103.54   99.45  269.99     4.4
   35.8     2554.658      120.649     2.7337     3.5661 1.12e-07 1.03e-08  125.13  103.53   99.45  270.00     4.4
   36.9     2555.760      118.563     2.6952     3.4410 1.12e-07 1.03e-08  125.12  103.54   99.45  270.00     4.4
   38.0     2556.885      125.942     2.7215     3.5974 1.12e-07 1.04e-08  125.12  103.53   99.45  270.00     4.4
   39.1     2558.006      127.931     2.7346     3.5661 1.12e-07 1.04e-08  125.13  103.54   99.45  270.00     4.4
   40.2     2559.084      118.962     2.7431     3.5661 1.12e-07 1.04e-08  125.12  103.54   99.45  270.01     4.4
   41.3     2560.170      128.936     2.7393     3.6287 1.12e-07 1.04e-08  125.12  103.53   99.45  270.00     4.4
   42.4     2561.256      122.156     2.7140     3.5661 1.12e-07 1.04e-08  125.12  103.54   99.45  270.00     4.4
   43.5     2562.343      129.078     2.7468     3.4722 1.12e-07 1.04e-08  125.12  103.53   99.45  269.99     4.4
   44.5     2563.402      122.978     2.7083     3.4410 1.12e-07 1.04e-08  125.11  103.54   99.45  269.99     4.4
   45.6     2564.479      122.595     2.7421     3.5661 1.13e-07 1.03e-08  125.11  103.54   99.45  269.99     4.4
   46.7     2565.557      121.813     2.7055     3.5348 1.12e-07 1.04e-08  125.12  103.54   99.45  270.00     4.4
   47.8     2566.636      124.526     2.7440     3.5661 1.12e-07 1.04e-08  125.12  103.54   99.45  270.00     4.4
   48.8     2567.698      125.297     2.7121     3.5035 1.12e-07 1.04e-08  125.12  103.54   99.45  270.00     4.4
   50.0     2568.827      122.769     2.7440     3.5035 1.12e-07 1.04e-08  125.12  103.54   99.45  269.99     4.4
   51.1     2569.956      124.068     2.7327     3.5974 1.12e-07 1.03e-08  125.12  103.54   99.45  269.99     4.4
   52.2     2571.051      119.569     2.7177     3.3784 1.12e-07 1.04e-08  125.11  103.54   99.45  269.99     4.4
   53.3     2572.134      121.487     2.7234     3.5348 1.12e-07 1.03e-08  125.12  103.54   99.45  269.99     4.4
   54.3     2573.193      123.799     2.7346     3.5974 1.12e-07 1.04e-08  125.12  103.54   99.45  270.00     4.4
   55.4     2574.283      118.995     2.7112     3.4410 1.12e-07 1.04e-08  125.14  103.54   99.45  270.01     4.4
   56.5     2575.365      125.160     2.7234     3.5035 1.12e-07 1.04e-08  125.13  103.53   99.45  270.00     4.4
   57.6     2576.441      124.453     2.6736     3.5974 1.12e-07 1.04e-08  125.13  103.54   99.45  269.99     4.4
   58.6     2577.504      122.869     2.7187     3.5348 1.12e-07 1.04e-08  125.12  103.54   99.45  270.00     4.4
   59.7     2578.586      124.319     2.7722     3.5348 1.12e-07 1.03e-08  125.12  103.54   99.45  270.00     4.4
